1 0.8773437630734406 0.4875000254251063 0.16406250244472176 0.23750001238659024
1 0.789843761769589 0.10729167226236314 0.1796875026775524 0.210416677640751
1 0.619531259231735 0.6583333676680923 0.17656250263098627 0.2291666786186397
1 0.45546875678701326 0.8697917120298371 0.16406250244472176 0.2229166782926768
1 0.2742187540861778 0.8656250451458618 0.16406250244472176 0.2229166782926768
1 0.2960937544121407 0.2031250105937943 0.16406250244472176 0.2229166782926768
1 0.4203125062631443 0.4250000221654773 0.17812500265426934 0.2291666786186397
1 0.7968750118743628 0.6760417019249871 0.1625000024214387 0.20625001075677574
1 0.7296875108731911 0.7947917081182823 0.1625000024214387 0.20625001075677574
2 0.1382812520605512 0.37916668644174933 0.27343750407453626 0.5083333598449826
