1 0.09765625145519152 0.35520835185889155 0.17031250253785402 0.21458334452472627
1 0.5164062576950528 0.10833333898335695 0.17031250253785402 0.21250001108273864
1 0.7257812608149834 0.20000001043081284 0.17656250263098627 0.23333334550261497
1 0.9296875138534233 0.5666666962206364 0.1406250020954758 0.22500001173466444
1 0.7664062614203431 0.5895833640825003 0.15468750230502337 0.2041666773147881
1 0.4921875073341653 0.4447916898643598 0.16875000251457095 0.21875001140870154
1 0.49609375739237294 0.6229166991543025 0.1671875024912879 0.2541666799224913
1 0.40937500610016286 0.7572917061625049 0.1843750027474016 0.18958334322087467
1 0.5398437580442987 0.8906250464497134 0.18593750277068466 0.21875001140870154
1 0.2820312542025931 0.47291669133119285 0.21718750323634595 0.28750001499429345
1 0.8203125122236088 0.38125001988373697 0.21250000316649675 0.24583334615454078
1 0.4179687562282197 0.26770834729541093 0.17031250253785402 0.21458334452472627
2 0.7757812615600415 0.8552083779359236 0.33593750500585884 0.2895833484362811
