1 0.7062500105239451 0.6166666988283396 0.1625000024214387 0.2041666773147881
1 0.7062500105239451 0.73958337190561 0.1625000024214387 0.2041666773147881
1 0.9187500136904418 0.4958333591930568 0.1625000024214387 0.2041666773147881
1 0.6007812589523382 0.09166667144745588 0.16406250244472176 0.1791666760109365
1 0.182031252712477 0.19375001010484993 0.16093750239815563 0.23333334550261497
1 0.7875000117346644 0.10729167226236314 0.1625000024214387 0.18125000945292413
1 0.7718750115018338 0.4145833549555391 0.1625000024214387 0.22500001173466444
1 0.47500000707805157 0.44791669002734125 0.1625000024214387 0.2041666773147881
1 0.06250000093132257 0.3458333513699472 0.12187500181607902 0.20833334419876337
1 0.5492187581839971 0.8677083785878494 0.1578125023515895 0.210416677640751
1 0.5914062588126399 0.2968750154832378 0.1578125023515895 0.210416677640751
2 0.27265625406289473 0.7916667079553008 0.2578125038417056 0.28750001499429345
0 0.2984375044470653 0.25000001303851604 0.05625000083819032 0.07500000391155481
0 0.9664062644005753 0.8739583789138123 0.06406250095460564 0.08541667112149298
