2 0.22890625341096893 0.34791668481193483 0.22031250328291208 0.2541666799224913
2 0.8882812632364221 0.8166667092591524 0.22031250328291208 0.36666668578982353
0 0.3031250045169145 0.19895834370981902 0.05312500079162419 0.08125000423751771
0 0.12187500181607902 0.9593750500353053 0.05312500079162419 0.08125000423751771
1 0.12578125187428668 0.7895833745133132 0.19843750295694917 0.2041666773147881
1 0.2664062539697625 0.8208333761431277 0.19843750295694917 0.2041666773147881
1 0.23359375348081812 0.5666666962206364 0.19843750295694917 0.2041666773147881
1 0.14765625220024958 0.5354166945908219 0.19843750295694917 0.2041666773147881
1 0.6726562600233592 0.6979167030658573 0.19843750295694917 0.2041666773147881
1 0.6398437595344149 0.46666669100522995 0.19843750295694917 0.2041666773147881
1 0.5617187583702616 0.1979166769888252 0.19843750295694917 0.2041666773147881
1 0.7250000108033419 0.2833333481103182 0.14687500218860805 0.2166666779667139
1 0.07968750118743628 0.10937500570435077 0.14687500218860805 0.21458334452472627
1 0.06093750090803951 0.3093750161351636 0.11875000176951289 0.21458334452472627
1 0.9406250140164047 0.22500001173466444 0.11875000176951289 0.24583334615454078
1 0.8828125131549314 0.38645835348870605 0.18125000270083547 0.2479166795965284
