1 0.13984375208383426 0.8708333787508309 0.1578125023515895 0.2041666773147881
1 0.0945312514086254 0.6916667027398944 0.15156250225845724 0.20000001043081284
1 0.9140625136205927 0.5281250275438651 0.17187500256113708 0.19375001010484993
1 0.5453125081257895 0.642708366853185 0.15937500237487257 0.2479166795965284
1 0.6875000102445483 0.2031250105937943 0.15625000232830644 0.24375001271255314
1 0.2015625030035153 0.12083333963528275 0.15625000232830644 0.19583334354683757
1 0.6898437602794729 0.6437500335741788 0.1796875026775524 0.18750000977888703
1 0.0945312514086254 0.27604168106336147 0.1578125023515895 0.20625001075677574
1 0.1554687523166649 0.420833355281502 0.16093750239815563 0.21250001108273864
1 0.3476562551804818 0.6750000352039933 0.15468750230502337 0.2041666773147881
1 0.9000000134110451 0.8770833790767938 0.16562500246800482 0.21250001108273864
1 0.3593750053551048 0.10833333898335695 0.15000000223517418 0.17500000912696123
2 0.44062500656582415 0.4010416875826195 0.3343750049825758 0.4395833562593907
