1 0.6656250099185854 0.5052083596820012 0.15625000232830644 0.21458334452472627
1 0.5898437587893568 0.5270833608228713 0.16093750239815563 0.2666666805744171
1 0.8476562626310624 0.5604166958946735 0.18281250272411853 0.23333334550261497
1 0.9062500135041773 0.7552083727205172 0.15937500237487257 0.20208334387280047
1 0.39921875594882295 0.5437500283587724 0.17031250253785402 0.2291666786186397
1 0.10625000158324838 0.31875001662410796 0.14375000214204192 0.20000001043081284
1 0.08906250132713467 0.7770833738613874 0.14375000214204192 0.2041666773147881
1 0.8804687631200068 0.13333334028720856 0.13906250207219273 0.17500000912696123
1 0.4296875064028427 0.33645835088100284 0.13750000204890966 0.1854166763368994
1 0.18281250272411853 0.8489583776099607 0.18750000279396772 0.23958334582857788
1 0.47890625713625923 0.8312500433530658 0.19531250291038305 0.20833334419876337
2 0.6070312590454705 0.17708334256894886 0.34843750519212335 0.35000001825392246
