1 0.789843761769589 0.13229167356621474 0.17031250253785402 0.1854166763368994
1 0.7203125107334927 0.34270835120696574 0.16562500246800482 0.19375001010484993
1 0.7851562616997398 0.9322917152894661 0.22031250328291208 0.1354166737291962
1 0.5015625074738637 0.7979167082812637 0.1625000024214387 0.25000001303851604
1 0.5367187579977326 0.38541668676771224 0.17343750258442014 0.19583334354683757
1 0.9140625136205927 0.5520833621267229 0.1625000024214387 0.25000001303851604
1 0.8414062625379302 0.6625000345520675 0.19218750286381692 0.2041666773147881
1 0.2765625041211024 0.4697916911682114 0.1312500019557774 0.16458334191702306
1 0.09296875138534233 0.5395833614747971 0.17031250253785402 0.17083334224298596
1 0.15859375236323103 0.8260417097480968 0.18593750277068466 0.2354166789446026
2 0.3179687547381036 0.23645834566559643 0.18281250272411853 0.21875001140870154
1 0.935156263934914 0.3531250184169039 0.12968750193249434 0.1854166763368994
1 0.5148437576717697 0.9250000482425094 0.14843750221189111 0.15000000782310963
1 0.3515625052386895 0.8093750422121957 0.1406250020954758 0.18958334322087467
