1 0.6265625093365088 0.494791692472063 0.17187500256113708 0.1729166756849736
1 0.4656250069383532 0.6406250334111974 0.17187500256113708 0.1729166756849736
1 0.45468750677537173 0.4625000241212547 0.1625000024214387 0.20000001043081284
1 0.4437500066123903 0.0927083381684497 0.1625000024214387 0.18125000945292413
1 0.24609375366708264 0.1114583391463384 0.1671875024912879 0.21875001140870154
1 0.557812508312054 0.23125001206062734 0.18125000270083547 0.21250001108273864
1 0.8687500129453838 0.1614583417540416 0.17812500265426934 0.20625001075677574
1 0.0921875013737008 0.6979167030658573 0.1625000024214387 0.20000001043081284
1 0.40937500610016286 0.864583378424868 0.1625000024214387 0.20000001043081284
1 0.8515625126892701 0.3041666825301945 0.1625000024214387 0.20000001043081284
1 0.7468750111293048 0.07083333702757955 0.10625000158324838 0.13750000717118382
1 0.08515625126892701 0.9218750480795279 0.1265625018859282 0.15625000814907253
1 0.30000000447034836 0.6666667014360428 0.13437500200234354 0.17083334224298596
1 0.2718750040512532 0.8760417123558 0.11562500172294676 0.1604166750330478
2 0.5875000087544322 0.841666710563004 0.23437500349245965 0.2416666792705655
0 0.5929687588359229 0.6718750350410119 0.06718750100117177 0.09375000488944352
0 0.4226562562980689 0.2281250118976459 0.06718750100117177 0.09375000488944352
