1 0.8445312625844963 0.8635417117038742 0.1890625028172508 0.23958334582857788
1 0.6726562600233592 0.540625028195791 0.1890625028172508 0.23958334582857788
1 0.6578125098021701 0.34375001792795956 0.1406250020954758 0.17083334224298596
1 0.1671875024912879 0.4520833569113165 0.10000000149011612 0.23750001238659024
1 0.2085937531082891 0.6302083662012592 0.15156250225845724 0.1854166763368994
1 0.17890625266591087 0.08333333767950535 0.13281250197906047 0.16250000847503543
1 0.4195312562515028 0.13229167356621474 0.14843750221189111 0.1854166763368994
1 0.5117187576252036 0.210416677640751 0.19531250291038305 0.20833334419876337
1 0.7875000117346644 0.25000001303851604 0.1406250020954758 0.17083334224298596
1 0.5218750077765435 0.7385417051846161 0.2531250037718564 0.13958334061317146
1 0.4539062567637302 0.7822917074663565 0.1578125023515895 0.19375001010484993
0 0.05390625080326572 0.4520833569113165 0.05781250086147338 0.07916667079553008
0 0.22421875334111974 0.24895834631752223 0.0703125010477379 0.09791667177341878
0 0.7054687605123036 0.8718750454718247 0.09531250142026693 0.11041667242534459
2 0.3742187555762939 0.4260416888864711 0.3078125045867637 0.44791669002734125
