1 0.6773437600932084 0.6791667020879686 0.17343750258442014 0.20000001043081284
1 0.8031250119674951 0.2541666799224913 0.2062500030733645 0.2291666786186397
1 0.5601562583469786 0.17500000912696123 0.1578125023515895 0.2541666799224913
1 0.09921875147847459 0.580208363593556 0.1671875024912879 0.24375001271255314
1 0.19218750286381692 0.5302083609858528 0.18125000270083547 0.26875001401640475
1 0.3515625052386895 0.26145834696944803 0.16875000251457095 0.2479166795965284
1 0.3085937545984052 0.8031250418862328 0.19218750286381692 0.2354166789446026
1 0.45234375674044713 0.7666667066514492 0.1890625028172508 0.1916666766628623
1 0.14453125215368345 0.8802083792397752 0.2109375031432137 0.22708334517665207
1 0.6710937600000761 0.8947917133336887 0.18593750277068466 0.1979166769888252
1 0.9085937635391019 0.1052083388203755 0.17656250263098627 0.17708334256894886
1 0.12578125187428668 0.18229167617391795 0.1890625028172508 0.2479166795965284
1 0.873437513015233 0.6437500335741788 0.1531250022817403 0.20833334419876337
1 0.9421875140396878 0.4343750226544216 0.11562500172294676 0.2354166789446026
1 0.7851562616997398 0.45937502395827323 0.2453125036554411 0.23958334582857788
2 0.49375000735744834 0.48437502526212484 0.40937500610016286 0.4395833562593907
0 0.5312500079162419 0.8760417123558 0.06250000093132257 0.09375000488944352
0 0.24218750360887498 0.2156250112457201 0.0875000013038516 0.10208333865739405
