1 0.26875000400468707 0.34270835120696574 0.17812500265426934 0.2354166789446026
1 0.15156250225845724 0.16875000880099833 0.15625000232830644 0.23333334550261497
1 0.40703125606523827 0.25520834664348513 0.10781250160653144 0.210416677640751
1 0.40625000605359674 0.483333358541131 0.1750000026077032 0.2291666786186397
1 0.3765625056112185 0.6906250360189006 0.1531250022817403 0.20625001075677574
1 0.5554687582771294 0.6239583658752963 0.17343750258442014 0.21875001140870154
1 0.8882812632364221 0.8572917113779113 0.2015625030035153 0.24375001271255314
1 0.11484375171130523 0.5875000306405127 0.1578125023515895 0.2166666779667139
1 0.16328125243308023 0.7385417051846161 0.19218750286381692 0.2604166802484542
1 0.5734375085448846 0.3947916872566566 0.16562500246800482 0.210416677640751
1 0.8148437621421181 0.18229167617391795 0.20781250309664756 0.17708334256894886
1 0.5718750085216016 0.09062500472646207 0.17812500265426934 0.17708334256894886
1 0.4218750062864274 0.08541667112149298 0.14687500218860805 0.1666666753590107
1 0.6718750100117177 0.8750000456348062 0.1843750027474016 0.25000001303851604
0 0.2546875037951395 0.7093750369967893 0.05000000074505806 0.06041666981764138
0 0.34609375515719876 0.8697917120298371 0.06718750100117177 0.08541667112149298
2 0.7796875116182491 0.5010416927980259 0.37500000558793545 0.5395833614747971
