1 0.7406250110361725 0.2229166782926768 0.16875000251457095 0.2041666773147881
1 0.8078125120373443 0.35416668513789773 0.16875000251457095 0.2041666773147881
1 0.5023437574855052 0.07500000391155481 0.17343750258442014 0.14583334093913436
1 0.5429687580908649 0.16354167519602925 0.17343750258442014 0.147916674381122
1 0.801562511944212 0.8281250431900844 0.16875000251457095 0.19375001010484993
1 0.10312500153668225 0.5333333611488342 0.16875000251457095 0.20833334419876337
1 0.28750000428408384 0.2604166802484542 0.16875000251457095 0.20833334419876337
1 0.8718750129919499 0.5781250301515684 0.1625000024214387 0.23125001206062734
1 0.08437500125728548 0.16458334191702306 0.16562500246800482 0.2833333481103182
2 0.4343750064726919 0.744791705510579 0.3375000050291419 0.39791668741963804
0 0.4851562572293915 0.3156250164611265 0.06093750090803951 0.08125000423751771
0 0.6398437595344149 0.41770835511852056 0.06093750090803951 0.08125000423751771
