1 0.10078125150175765 0.6833333689719439 0.1578125023515895 0.22083334485068917
1 0.07968750118743628 0.8895833797287196 0.15625000232830644 0.22083334485068917
1 0.6148437591618858 0.8729167121928185 0.1578125023515895 0.22083334485068917
1 0.5296875078929588 0.9020833803806454 0.1406250020954758 0.19583334354683757
1 0.5906250088009983 0.6145833653863519 0.1406250020954758 0.19583334354683757
1 0.37500000558793545 0.13958334061317146 0.1312500019557774 0.27500001434236765
1 0.7875000117346644 0.4156250216765329 0.13750000204890966 0.2229166782926768
1 0.8421875125495717 0.4135416882345453 0.13750000204890966 0.2229166782926768
1 0.9242187637719326 0.43541668937541544 0.15156250225845724 0.21250001108273864
1 0.898437513387762 0.6645833679940552 0.17187500256113708 0.2166666779667139
1 0.5539062582538463 0.46770835772622377 0.13906250207219273 0.1729166756849736
1 0.9164062636555173 0.07812500407453626 0.1671875024912879 0.15208334126509726
2 0.5429687580908649 0.21979167812969536 0.20468750305008143 0.2645833471324295
0 0.788281261746306 0.7333333715796471 0.06093750090803951 0.06666667014360428
