1 0.08906250132713467 0.8864583795657381 0.16562500246800482 0.20625001075677574
1 0.5421875080792233 0.20729167747776955 0.16562500246800482 0.20625001075677574
1 0.29453125438885763 0.5145833601709455 0.13281250197906047 0.16250000847503543
1 0.8351562624447979 0.744791705510579 0.15468750230502337 0.20625001075677574
1 0.9429687640513293 0.5072916931239888 0.1140625016996637 0.210416677640751
1 0.7476562611409463 0.23854167910758406 0.15468750230502337 0.20625001075677574
1 0.8960937633528374 0.12604167324025184 0.15468750230502337 0.18958334322087467
1 0.607812509057112 0.10104167193640023 0.1625000024214387 0.1979166769888252
1 0.13750000204890966 0.4145833549555391 0.15937500237487257 0.23750001238659024
1 0.19765625294530764 0.2229166782926768 0.20468750305008143 0.28750001499429345
1 0.27500000409781933 0.9072917139856145 0.12500000186264515 0.16875000880099833
1 0.7679687614436261 0.4645833575632423 0.17656250263098627 0.1791666760109365
1 0.751562511199154 0.9406250490574166 0.14375000214204192 0.10625000554136932
1 0.9671875144122168 0.22083334485068917 0.0656250009778887 0.1916666766628623
2 0.5406250080559403 0.7135417038807645 0.29062500433064997 0.3645833523478359
0 0.44531250663567334 0.1427083407761529 0.059375000884756446 0.06041666981764138
0 0.023437500349245965 0.5541666955687106 0.0437500006519258 0.06666667014360428
