1 0.15859375236323103 0.7229167043697089 0.11718750174622983 0.2833333481103182
1 0.27343750407453626 0.3531250184169039 0.17812500265426934 0.20625001075677574
1 0.07265625108266249 0.47395835805218667 0.14218750211875886 0.20625001075677574
1 0.4132812561583705 0.7375000384636223 0.16093750239815563 0.20833334419876337
1 0.412500006146729 0.9072917139856145 0.1531250022817403 0.1854166763368994
1 0.789843761769589 0.6000000312924385 0.16093750239815563 0.19583334354683757
1 0.569531258486677 0.4697916911682114 0.17656250263098627 0.1979166769888252
1 0.5281250078696758 0.21458334452472627 0.16875000251457095 0.23333334550261497
1 0.8156250121537596 0.07187500374857336 0.1625000024214387 0.13958334061317146
1 0.6875000102445483 0.19062500994186848 0.1531250022817403 0.1979166769888252
1 0.6773437600932084 0.40520835446659476 0.14531250216532499 0.24375001271255314
1 0.9125000135973096 0.6604167011100799 0.1312500019557774 0.1916666766628623
1 0.08906250132713467 0.16979167552199215 0.15000000223517418 0.2229166782926768
1 0.23750000353902578 0.10000000521540642 0.1531250022817403 0.19583334354683757
1 0.37734375562286004 0.08541667112149298 0.1359375020256266 0.1666666753590107
0 0.017187500256113708 0.6218750324333087 0.03125000046566129 0.07291667046956718
0 0.6304687593947165 0.5604166958946735 0.06406250095460564 0.06250000325962901
2 0.6867187602329068 0.8322917100740597 0.40468750603031367 0.335416684160009
