1 0.27109375403961167 0.18229167617391795 0.17343750258442014 0.2645833471324295
1 0.7257812608149834 0.41666668839752674 0.14531250216532499 0.20833334419876337
1 0.5562500082887709 0.08333333767950535 0.16562500246800482 0.16250000847503543
1 0.5281250078696758 0.3895833536516875 0.16875000251457095 0.22083334485068917
1 0.14218750211875886 0.48541669198311865 0.16875000251457095 0.1916666766628623
1 0.3132812546682544 0.5864583639195189 0.17343750258442014 0.1604166750330478
1 0.32187500479631126 0.3822916866047308 0.15625000232830644 0.18958334322087467
1 0.8578125127824023 0.5947916976874694 0.1531250022817403 0.2354166789446026
1 0.07734375115251169 0.26354168041143566 0.15156250225845724 0.2354166789446026
1 0.6164062591851689 0.1791666760109365 0.19531250291038305 0.23750001238659024
1 0.5820312586729415 0.9229167148005217 0.20468750305008143 0.15000000782310963
2 0.6031250089872628 0.6625000345520675 0.315625004703179 0.420833355281502
