1 0.1796875026775524 0.8447917107259855 0.15000000223517418 0.19375001010484993
1 0.6046875090105459 0.9031250471016392 0.15000000223517418 0.19375001010484993
1 0.7242187607917003 0.7812500407453626 0.17656250263098627 0.19583334354683757
1 0.7718750115018338 0.5729166965465993 0.15625000232830644 0.1916666766628623
1 0.7359375109663233 0.3635416856268421 0.15937500237487257 0.20208334387280047
1 0.6187500092200935 0.5250000273808837 0.13750000204890966 0.20833334419876337
1 0.27109375403961167 0.3156250164611265 0.17031250253785402 0.1979166769888252
1 0.5382812580210157 0.27291668090038 0.1796875026775524 0.23750001238659024
1 0.1601562523865141 0.14062500733416528 0.17343750258442014 0.23125001206062734
1 0.38515625573927537 0.11666667275130749 0.19218750286381692 0.2291666786186397
1 0.15234375227009878 0.47187502461019903 0.17031250253785402 0.1979166769888252
1 0.08593750128056854 0.5531250288477167 0.16875000251457095 0.1979166769888252
1 0.4132812561583705 0.45416669035330415 0.17656250263098627 0.2166666779667139
1 0.838281262491364 0.16250000847503543 0.1796875026775524 0.23750001238659024
1 0.9085937635391019 0.41770835511852056 0.16406250244472176 0.2229166782926768
1 0.9023437634459697 0.8885417130077258 0.16406250244472176 0.2229166782926768
1 0.9312500138767064 0.6281250327592716 0.13750000204890966 0.210416677640751
1 0.5562500082887709 0.08333333767950535 0.15937500237487257 0.16250000847503543
2 0.40859375608852133 0.767708373372443 0.33906250505242497 0.4395833562593907
