1 0.27500000409781933 0.9093750474276021 0.17812500265426934 0.17708334256894886
1 0.3812500056810677 0.08958333800546825 0.17812500265426934 0.17500000912696123
1 0.8656250128988177 0.5791666968725622 0.16562500246800482 0.20000001043081284
1 0.8953125133411959 0.9000000469386578 0.16562500246800482 0.20000001043081284
1 0.5570312583004124 0.4750000247731805 0.1796875026775524 0.22083334485068917
1 0.23984375357395038 0.1541666747070849 0.1796875026775524 0.22083334485068917
1 0.1601562523865141 0.358333352021873 0.1796875026775524 0.22083334485068917
1 0.1578125023515895 0.6760417019249871 0.16875000251457095 0.25625001336447895
1 0.9171875136671588 0.7135417038807645 0.16562500246800482 0.1979166769888252
1 0.753125011222437 0.3906250203726813 0.16562500246800482 0.1979166769888252
2 0.3617187553900294 0.30104168236721307 0.2015625030035153 0.25625001336447895
2 0.6609375098487362 0.8197917094221339 0.15000000223517418 0.18958334322087467
