1 0.8570312627707608 0.5187500270549208 0.2015625030035153 0.22500001173466444
1 0.9078125135274604 0.7239583710907027 0.1750000026077032 0.20208334387280047
1 0.2523437537602149 0.41770835511852056 0.20468750305008143 0.18125000945292413
1 0.28281250421423465 0.6854167024139315 0.0 0.0
1 0.49375000735744834 0.5281250275438651 0.18750000279396772 0.2229166782926768
1 0.9085937635391019 0.12500000651925802 0.18281250272411853 0.24583334615454078
1 0.1289062519208528 0.10729167226236314 0.1578125023515895 0.19375001010484993
1 0.2601562538766302 0.17395834240596741 0.10781250160653144 0.25625001336447895
1 0.5992187589290552 0.8010417084442452 0.14218750211875886 0.2479166795965284
0 0.03828125057043508 0.8031250418862328 0.07343750109430403 0.10208333865739405
0 0.14687500218860805 0.48020835837814957 0.07500000111758709 0.10208333865739405
2 0.47500000707805157 0.1604166750330478 0.3781250056345016 0.3166666831821203
