1 0.09609375143190846 0.8395833771210164 0.1796875026775524 0.2041666773147881
1 0.14921875222353265 0.6302083662012592 0.20781250309664756 0.2895833484362811
1 0.15000000223517418 0.45937502395827323 0.17812500265426934 0.19375001010484993
1 0.26875000400468707 0.48541669198311865 0.10625000158324838 0.2708333474583924
1 0.09921875147847459 0.08333333767950535 0.12968750193249434 0.16250000847503543
1 0.48671875725267455 0.21145834436174482 0.16093750239815563 0.23125001206062734
1 0.666406259930227 0.11979167291428894 0.1359375020256266 0.17708334256894886
1 0.3492187552037649 0.30729168269317597 0.17031250253785402 0.18125000945292413
1 0.3960937559022568 0.5645833627786487 0.18593750277068466 0.18333334289491177
1 0.3398437550640665 0.7812500407453626 0.1796875026775524 0.23750001238659024
1 0.45078125671716407 0.7854167076293379 0.1796875026775524 0.23750001238659024
1 0.6460937596275471 0.7593750396044925 0.1796875026775524 0.2645833471324295
1 0.20703125308500603 0.22500001173466444 0.12031250179279596 0.27500001434236765
1 0.08515625126892701 0.2781250145053491 0.16093750239815563 0.18958334322087467
1 0.2812500041909516 0.12083333963528275 0.1531250022817403 0.2291666786186397
1 0.9257812637952156 0.49062502558808774 0.14843750221189111 0.2854166815523058
1 0.8078125120373443 0.9375000488944352 0.18750000279396772 0.12500000651925802
0 0.7500000111758709 0.7708333735354245 0.06250000093132257 0.09583333833143115
2 0.6585937598138116 0.4760416914941743 0.35781250533182174 0.4187500218395144
