1 0.7625000113621354 0.4145833549555391 0.1312500019557774 0.23333334550261497
1 0.7593750113155693 0.7145833706017584 0.1312500019557774 0.23333334550261497
1 0.9156250136438757 0.2833333481103182 0.1312500019557774 0.23333334550261497
1 0.7718750115018338 0.11875000619329512 0.1531250022817403 0.23333334550261497
1 0.38203125569270924 0.17500000912696123 0.18281250272411853 0.18750000977888703
1 0.19843750295694917 0.8666667118668556 0.1750000026077032 0.19583334354683757
1 0.13203125196741894 0.3260416836710647 0.2109375031432137 0.1729166756849736
1 0.6031250089872628 0.3291666838340461 0.15625000232830644 0.23333334550261497
1 0.6289062593714334 0.4760416914941743 0.17031250253785402 0.20208334387280047
2 0.48906250728759915 0.6760417019249871 0.4000000059604645 0.4645833575632423
