1 0.25078125373693183 0.8375000436790287 0.14218750211875886 0.18333334289491177
1 0.06250000093132257 0.7458333722315729 0.12187500181607902 0.1791666760109365
1 0.6937500103376806 0.7489583723945543 0.1312500019557774 0.22708334517665207
1 0.66796875995351 0.19375001010484993 0.12343750183936208 0.20833334419876337
1 0.9406250140164047 0.08125000423751771 0.11875000176951289 0.15833334159106016
1 0.4640625069150701 0.8979167134966701 0.1531250022817403 0.2041666773147881
1 0.5773437586030923 0.9281250484054908 0.10156250151339918 0.14375000749714673
1 0.2984375044470653 0.443750023143366 0.15937500237487257 0.17500000912696123
1 0.1578125023515895 0.4875000254251063 0.15937500237487257 0.17500000912696123
1 0.6390625095227733 0.4135416882345453 0.16562500246800482 0.210416677640751
1 0.5500000081956387 0.37916668644174933 0.16875000251457095 0.22500001173466444
1 0.9171875136671588 0.6114583652233705 0.16562500246800482 0.210416677640751
0 0.14218750211875886 0.13750000717118382 0.0656250009778887 0.11666667275130749
0 0.6093750090803951 0.07083333702757955 0.09062500135041773 0.09166667144745588
2 0.3179687547381036 0.15104167454410344 0.3234375048195943 0.2979166822042316
