1 0.6835937601863407 0.6677083681570366 0.17656250263098627 0.19375001010484993
1 0.7726562615134753 0.44791669002734125 0.18593750277068466 0.24583334615454078
1 0.6265625093365088 0.31250001629814506 0.16875000251457095 0.22500001173466444
1 0.5218750077765435 0.40937502135057 0.1625000024214387 0.19375001010484993
1 0.6171875091968104 0.09791667177341878 0.1625000024214387 0.1916666766628623
1 0.6414062595576979 0.8947917133336887 0.17343750258442014 0.210416677640751
1 0.4296875064028427 0.9239583815215155 0.17187500256113708 0.15208334126509726
1 0.7875000117346644 0.11250000586733222 0.1750000026077032 0.22083334485068917
1 0.9273437638184987 0.8083333754912019 0.14531250216532499 0.22500001173466444
1 0.34296875511063263 0.24375001271255314 0.14531250216532499 0.22500001173466444
1 0.15703125233994797 0.2645833471324295 0.14531250216532499 0.22500001173466444
1 0.08828125131549314 0.37500001955777407 0.14531250216532499 0.22500001173466444
2 0.2210937532945536 0.6562500342261046 0.3546875052852556 0.3833333533257246
