1 0.46015625685686246 0.5697916963836178 0.16406250244472176 0.21458334452472627
1 0.7968750118743628 0.18750000977888703 0.14375000214204192 0.19583334354683757
1 0.9078125135274604 0.4937500257510692 0.15625000232830644 0.21250001108273864
1 0.11484375171130523 0.29479168204125017 0.1578125023515895 0.2229166782926768
1 0.66796875995351 0.5989583645714447 0.1578125023515895 0.2229166782926768
1 0.17109375254949555 0.5197916937759146 0.1578125023515895 0.2229166782926768
1 0.532812507939525 0.09062500472646207 0.1625000024214387 0.17708334256894886
1 0.31875000474974513 0.6604167011100799 0.1625000024214387 0.1791666760109365
1 0.5851562587195076 0.9031250471016392 0.17031250253785402 0.19375001010484993
1 0.4000000059604645 0.9291667151264846 0.2062500030733645 0.1416666740551591
1 0.18281250272411853 0.8802083792397752 0.16562500246800482 0.23958334582857788
2 0.33671875501750037 0.2791666812263429 0.33906250505242497 0.41666668839752674
2 0.5984375089174137 0.36250001890584826 0.2406250035855919 0.30000001564621925
0 0.9695312644471414 0.8354167102370411 0.051562500768341124 0.06666667014360428
