1 0.11718750174622983 0.5583333624526858 0.1531250022817403 0.21250001108273864
1 0.2812500041909516 0.5750000299885869 0.1531250022817403 0.21250001108273864
1 0.17656250263098627 0.3458333513699472 0.1531250022817403 0.21250001108273864
1 0.06484375096624717 0.3395833510439843 0.1265625018859282 0.20833334419876337
1 0.4882812572759576 0.4625000241212547 0.14843750221189111 0.2041666773147881
1 0.35781250533182174 0.36770835251081735 0.1968750029336661 0.18958334322087467
1 0.3078125045867637 0.2093750109197572 0.1843750027474016 0.15208334126509726
1 0.14375000214204192 0.08541667112149298 0.18125000270083547 0.1666666753590107
1 0.8234375122701749 0.22500001173466444 0.20312500302679837 0.22500001173466444
1 0.6375000094994903 0.07812500407453626 0.1968750029336661 0.15208334126509726
1 0.4664062569499947 0.2541666799224913 0.1578125023515895 0.21250001108273864
1 0.7375000109896064 0.5000000260770321 0.1625000024214387 0.24583334615454078
1 0.8281250123400241 0.45416669035330415 0.1625000024214387 0.21250001108273864
1 0.1843750027474016 0.8750000456348062 0.1531250022817403 0.21250001108273864
1 0.6640625098953024 0.716666704043746 0.1531250022817403 0.21250001108273864
2 0.44531250663567334 0.7968750415602699 0.3562500053085387 0.4062500211875886
