2 0.546093758137431 0.46770835772622377 0.33593750500585884 0.44791669002734125
1 0.303906254528556 0.7531250392785296 0.17031250253785402 0.2229166782926768
1 0.2351562535041012 0.8656250451458618 0.17031250253785402 0.2229166782926768
1 0.0703125010477379 0.7843750409083441 0.13750000204890966 0.2229166782926768
1 0.22734375338768587 0.5510416954057291 0.20781250309664756 0.21875001140870154
1 0.26796875399304554 0.3343750174390152 0.20781250309664756 0.21875001140870154
1 0.8273437623283826 0.3260416836710647 0.20781250309664756 0.21875001140870154
1 0.9109375135740265 0.295833348762244 0.17812500265426934 0.19583334354683757
1 0.9132812636089511 0.5437500283587724 0.17343750258442014 0.23750001238659024
1 0.8117187620955519 0.7687500400934368 0.17343750258442014 0.23750001238659024
1 0.6164062591851689 0.7729167069774121 0.19531250291038305 0.23750001238659024
1 0.49609375739237294 0.7895833745133132 0.19531250291038305 0.23750001238659024
1 0.5085937575786375 0.9083333807066083 0.19218750286381692 0.18333334289491177
1 0.10546875157160684 0.3260416836710647 0.17343750258442014 0.210416677640751
1 0.9195312637020834 0.08958333800546825 0.1578125023515895 0.17500000912696123
0 0.7039062604890205 0.06354166998062283 0.0703125010477379 0.08125000423751771
0 0.7992187619092874 0.13645834045019 0.0703125010477379 0.08125000423751771
0 0.11015625164145604 0.4697916911682114 0.0703125010477379 0.08125000423751771
