1 0.6789062601164915 0.09166667144745588 0.1671875024912879 0.1791666760109365
1 0.838281262491364 0.15312500798609108 0.17343750258442014 0.20625001075677574
1 0.5015625074738637 0.28854168171528727 0.19375000288709998 0.2479166795965284
1 0.3203125047730282 0.07187500374857336 0.15937500237487257 0.13958334061317146
1 0.10234375152504072 0.5739583632675931 0.19843750295694917 0.23125001206062734
1 0.5546875082654878 0.8885417130077258 0.14687500218860805 0.2229166782926768
1 0.2500000037252903 0.20625001075677574 0.18125000270083547 0.2166666779667139
1 0.6343750094529241 0.49791669263504446 0.18125000270083547 0.2166666779667139
1 0.8125000121071935 0.5708333631046116 0.18125000270083547 0.2166666779667139
1 0.3515625052386895 0.9291667151264846 0.2062500030733645 0.13333334028720856
1 0.06640625098953024 0.8447917107259855 0.12968750193249434 0.20208334387280047
2 0.3929687558556907 0.6833333689719439 0.3203125047730282 0.3958333539776504
