1 0.6640625098953024 0.6895833692979068 0.1625000024214387 0.22500001173466444
1 0.3914062558324076 0.6843750356929377 0.19531250291038305 0.25625001336447895
1 0.5335937579511665 0.4385416895383969 0.19531250291038305 0.25625001336447895
1 0.3210937547846697 0.07500000391155481 0.2015625030035153 0.14583334093913436
1 0.19062500284053385 0.5854166971985251 0.15000000223517418 0.18750000977888703
1 0.1359375020256266 0.32500001695007086 0.15000000223517418 0.18750000977888703
1 0.30000000447034836 0.7416667053475976 0.15000000223517418 0.18750000977888703
1 0.7671875114319846 0.8520833777729422 0.15000000223517418 0.18750000977888703
0 0.5648437584168278 0.5958333644084632 0.05781250086147338 0.06666667014360428
2 0.7687500114552677 0.20104167715180665 0.3781250056345016 0.39791668741963804
