1 0.5031250074971467 0.5072916931239888 0.13750000204890966 0.1979166769888252
1 0.6296875093830749 0.5968750311294571 0.13750000204890966 0.1979166769888252
1 0.8859375132014975 0.3281250171130523 0.13750000204890966 0.1979166769888252
1 0.7929687618161552 0.5281250275438651 0.1890625028172508 0.23125001206062734
1 0.3804687556694262 0.3135416830191389 0.1890625028172508 0.23125001206062734
1 0.3375000050291419 0.529166694264859 0.1625000024214387 0.22083334485068917
1 0.37968750565778464 0.11041667242534459 0.1625000024214387 0.2166666779667139
1 0.22187500330619514 0.46666669100522995 0.1625000024214387 0.22083334485068917
1 0.8562500127591193 0.7437500387895852 0.1625000024214387 0.22083334485068917
1 0.5046875075204298 0.8145833758171648 0.1625000024214387 0.22083334485068917
1 0.32656250486616045 0.8812500459607691 0.1625000024214387 0.22083334485068917
1 0.08203125122236088 0.7583333728834987 0.16093750239815563 0.22083334485068917
1 0.24375000363215804 0.7041667033918202 0.1625000024214387 0.22083334485068917
2 0.6453125096159056 0.23645834566559643 0.3375000050291419 0.4187500218395144
0 0.9546875142259523 0.6156250321073458 0.059375000884756446 0.07708333735354245
