1 0.7484375111525878 0.5020833595190197 0.17812500265426934 0.20833334419876337
1 0.19140625285217538 0.4197916885605082 0.21718750323634595 0.2520833464805037
1 0.6515625097090378 0.6979167030658573 0.1968750029336661 0.2416666792705655
1 0.4468750066589564 0.6000000312924385 0.1968750029336661 0.2416666792705655
1 0.8820312631432898 0.8468750441679731 0.1578125023515895 0.20208334387280047
1 0.460937506868504 0.09062500472646207 0.1531250022817403 0.17708334256894886
1 0.2328125034691766 0.1916666766628623 0.1531250022817403 0.1791666760109365
1 0.22031250328291208 0.693750036181882 0.1531250022817403 0.1791666760109365
1 0.6742187600466423 0.892708379891701 0.11718750174622983 0.16875000880099833
2 0.3859375057509169 0.3083333494141698 0.2718750040512532 0.30000001564621925
