1 0.8273437623283826 0.864583378424868 0.2109375031432137 0.19583334354683757
1 0.6921875103143975 0.32500001695007086 0.20937500311993062 0.2166666779667139
1 0.4421875065891072 0.5614583626156673 0.20000000298023224 0.18958334322087467
1 0.27031250402797014 0.7041667033918202 0.1531250022817403 0.2166666779667139
1 0.18984375282889232 0.9083333807066083 0.16406250244472176 0.1791666760109365
1 0.42656250635627657 0.7812500407453626 0.16875000251457095 0.20833334419876337
1 0.5539062582538463 0.7291667046956718 0.19218750286381692 0.24583334615454078
1 0.6500000096857548 0.5270833608228713 0.16875000251457095 0.20833334419876337
1 0.12968750193249434 0.12083333963528275 0.15000000223517418 0.23750001238659024
1 0.7984375118976459 0.5114583600079641 0.15625000232830644 0.210416677640751
1 0.6687500099651515 0.1052083388203755 0.16875000251457095 0.20625001075677574
1 0.06015625089639798 0.36666668578982353 0.11718750174622983 0.27500001434236765
2 0.3687500054948032 0.26354168041143566 0.3718750055413693 0.4520833569113165
