1 0.13515625201398507 0.3958333539776504 0.18593750277068466 0.2291666786186397
1 0.38984375580912456 0.6208333657123148 0.1796875026775524 0.2916666818782687
1 0.19765625294530764 0.16458334191702306 0.18593750277068466 0.2291666786186397
1 0.5179687577183358 0.46770835772622377 0.15468750230502337 0.2354166789446026
1 0.5023437574855052 0.81875004270114 0.1578125023515895 0.2291666786186397
1 0.19140625285217538 0.6156250321073458 0.17343750258442014 0.20625001075677574
1 0.18515625275904313 0.7427083720685914 0.17343750258442014 0.20625001075677574
1 0.6101562590920366 0.08541667112149298 0.17031250253785402 0.1666666753590107
1 0.8468750126194209 0.3166666831821203 0.1531250022817403 0.19583334354683757
1 0.7343750109430403 0.19687501026783139 0.11562500172294676 0.1854166763368994
1 0.8054687620024197 0.10000000521540642 0.12343750183936208 0.19583334354683757
1 0.933593763911631 0.147916674381122 0.13281250197906047 0.2166666779667139
1 0.5179687577183358 0.23645834566559643 0.16093750239815563 0.18958334322087467
1 0.6718750100117177 0.38645835348870605 0.18750000279396772 0.17708334256894886
0 0.3960937559022568 0.8989583802176639 0.07656250114087015 0.08541667112149298
0 0.2523437537602149 0.48020835837814957 0.06718750100117177 0.08541667112149298
0 0.4390625065425411 0.05625000293366611 0.059375000884756446 0.08750000456348062
0 0.6835937601863407 0.2854166815523058 0.05781250086147338 0.07500000391155481
2 0.7000000104308128 0.6739583684829995 0.3687500054948032 0.4687500244472176
