1 0.5273437578580342 0.7625000397674739 0.18281250272411853 0.23333334550261497
1 0.6750000100582838 0.48541669198311865 0.1843750027474016 0.17500000912696123
1 0.7820312616531737 0.8364583769580349 0.1671875024912879 0.19375001010484993
1 0.8695312629570253 0.4385416895383969 0.16406250244472176 0.22708334517665207
1 0.8585937627940439 0.7270833712536842 0.1578125023515895 0.1916666766628623
1 0.7273437608382665 0.9302083818474784 0.14531250216532499 0.13958334061317146
1 0.15703125233994797 0.8364583769580349 0.12968750193249434 0.20208334387280047
1 0.39453125587897375 0.3447916846489534 0.15468750230502337 0.1979166769888252
1 0.838281262491364 0.11354167258832604 0.15468750230502337 0.1979166769888252
1 0.656250009778887 0.29270834859926254 0.1843750027474016 0.19375001010484993
1 0.12265625182772055 0.1239583397982642 0.15468750230502337 0.1979166769888252
1 0.23125000344589353 0.30625001597218215 0.1625000024214387 0.18750000977888703
1 0.4367187565076165 0.1114583391463384 0.16093750239815563 0.20625001075677574
1 0.5921875088242814 0.08333333767950535 0.16875000251457095 0.16250000847503543
1 0.27109375403961167 0.10416667209938169 0.14843750221189111 0.2041666773147881
1 0.08359375124564394 0.5010416927980259 0.16406250244472176 0.1854166763368994
2 0.32187500479631126 0.6729167017620057 0.27812500414438546 0.38750002020969987
