1 0.10234375152504072 0.5937500309664756 0.15156250225845724 0.20833334419876337
1 0.40390625601867214 0.670833368320018 0.15156250225845724 0.20833334419876337
1 0.6015625089639798 0.38750002020969987 0.18750000279396772 0.2166666779667139
1 0.5078125075669959 0.22395834501367062 0.17187500256113708 0.210416677640751
1 0.34609375515719876 0.09062500472646207 0.19218750286381692 0.17708334256894886
1 0.3812500056810677 0.42291668872348964 0.16875000251457095 0.20833334419876337
1 0.753125011222437 0.8947917133336887 0.16875000251457095 0.210416677640751
1 0.8296875123633072 0.5135416934499517 0.16875000251457095 0.210416677640751
1 0.8296875123633072 0.11875000619329512 0.13750000204890966 0.17083334224298596
1 0.8890625132480636 0.3395833510439843 0.13750000204890966 0.17083334224298596
1 0.09062500135041773 0.7916667079553008 0.17812500265426934 0.24583334615454078
1 0.2625000039115548 0.7437500387895852 0.17812500265426934 0.2041666773147881
2 0.642968759580981 0.6718750350410119 0.22031250328291208 0.2604166802484542
0 0.5085937575786375 0.744791705510579 0.06093750090803951 0.06458333670161664
0 0.7125000106170774 0.4500000234693289 0.05625000083819032 0.07500000391155481
