1 0.42890625639120117 0.580208363593556 0.15468750230502337 0.18958334322087467
1 0.8164062621654011 0.54583336180076 0.12343750183936208 0.1666666753590107
1 0.644531259604264 0.4875000254251063 0.17031250253785402 0.22083334485068917
1 0.6085937590687536 0.8791667125187814 0.17031250253785402 0.22083334485068917
1 0.43046875641448423 0.8437500440049917 0.17031250253785402 0.22083334485068917
1 0.6765625100815669 0.6843750356929377 0.17187500256113708 0.20625001075677574
1 0.7296875108731911 0.16354167519602925 0.13750000204890966 0.19375001010484993
1 0.8937500133179128 0.7010417032288387 0.17812500265426934 0.1979166769888252
1 0.11796875175787136 0.2541666799224913 0.1671875024912879 0.2041666773147881
1 0.27265625406289473 0.25104167975950986 0.15468750230502337 0.18958334322087467
1 0.43046875641448423 0.147916674381122 0.16093750239815563 0.22083334485068917
1 0.5882812587660737 0.27395834762137383 0.1578125023515895 0.24375001271255314
1 0.9328125138999894 0.21354167780373245 0.13437500200234354 0.2604166802484542
1 0.3007812544819899 0.06875000358559191 0.15468750230502337 0.13333334028720856
2 0.17187500256113708 0.6489583671791479 0.34062500507570803 0.46041669067926705
