1 0.1796875026775524 0.2281250118976459 0.15625000232830644 0.28125001466833055
1 0.6726562600233592 0.08750000456348062 0.1796875026775524 0.17083334224298596
1 0.44765625667059794 0.11458333930931985 0.18593750277068466 0.2166666779667139
1 0.8539062627241947 0.37500001955777407 0.18593750277068466 0.2166666779667139
1 0.3664062554598786 0.7083333702757955 0.18593750277068466 0.2166666779667139
1 0.23906250356230885 0.9031250471016392 0.1843750027474016 0.19375001010484993
1 0.57109375850996 0.8500000443309546 0.17031250253785402 0.23750001238659024
1 0.15937500237487257 0.6593750343890861 0.16562500246800482 0.18125000945292413
1 0.3421875050989911 0.27291668090038 0.16875000251457095 0.22500001173466444
1 0.2765625041211024 0.48020835837814957 0.22187500330619514 0.2604166802484542
1 0.813281262118835 0.9135417143115774 0.17031250253785402 0.1729166756849736
1 0.935156263934914 0.5302083609858528 0.12968750193249434 0.21875001140870154
2 0.5617187583702616 0.5145833601709455 0.3328125049592927 0.4333333559334278
0 0.13906250207219273 0.07083333702757955 0.059375000884756446 0.07916667079553008
