1 0.8960937633528374 0.4520833569113165 0.13906250207219273 0.1791666760109365
1 0.6218750092666596 0.7260417045326903 0.15937500237487257 0.24375001271255314
1 0.08125000121071935 0.8166667092591524 0.15000000223517418 0.18750000977888703
1 0.7023437604657374 0.9281250484054908 0.20781250309664756 0.1354166737291962
1 0.48906250728759915 0.9072917139856145 0.1843750027474016 0.1854166763368994
1 0.4679687569732778 0.7270833712536842 0.1671875024912879 0.2166666779667139
1 0.6484375096624717 0.10937500570435077 0.21250000316649675 0.21458334452472627
1 0.8757812630501576 0.8510417110519484 0.17343750258442014 0.19375001010484993
1 0.13281250197906047 0.1677083420800045 0.13750000204890966 0.2854166815523058
1 0.5929687588359229 0.34375001792795956 0.19218750286381692 0.20000001043081284
1 0.1382812520605512 0.5885416973615065 0.18281250272411853 0.19375001010484993
1 0.21562500321306288 0.7645833732094616 0.16875000251457095 0.1916666766628623
0 0.08515625126892701 0.4260416888864711 0.08281250123400241 0.08958333800546825
2 0.3203125047730282 0.48645835870411247 0.40937500610016286 0.5229166939388961
