1 0.6367187594878487 0.10625000554136932 0.17031250253785402 0.20833334419876337
1 0.5453125081257895 0.346875018090941 0.16562500246800482 0.2854166815523058
1 0.5679687584633939 0.6729167017620057 0.1890625028172508 0.24583334615454078
1 0.17187500256113708 0.26770834729541093 0.19062500284053385 0.2770833477843553
1 0.3937500058673322 0.14375000749714673 0.14687500218860805 0.20000001043081284
1 0.9390625139931217 0.09062500472646207 0.12187500181607902 0.17708334256894886
1 0.36328125541331246 0.4750000247731805 0.18593750277068466 0.23750001238659024
1 0.921875013737008 0.6552083675051108 0.15625000232830644 0.18958334322087467
1 0.8960937633528374 0.813541709096171 0.18593750277068466 0.20208334387280047
1 0.5367187579977326 0.9000000469386578 0.12343750183936208 0.20000001043081284
1 0.9484375141328201 0.45416669035330415 0.10312500153668225 0.25000001303851604
1 0.05468750081490725 0.825000043027103 0.10625000158324838 0.24583334615454078
1 0.055468750826548785 0.3708333526737988 0.10781250160653144 0.1916666766628623
1 0.4734375070547685 0.12291667307727039 0.14687500218860805 0.20000001043081284
2 0.7773437615833245 0.30104168236721307 0.2328125034691766 0.2854166815523058
