1 0.36796875548316166 0.3458333513699472 0.16093750239815563 0.2541666799224913
1 0.2039062530384399 0.30104168236721307 0.17343750258442014 0.2479166795965284
1 0.5453125081257895 0.5500000286847353 0.18125000270083547 0.28750001499429345
1 0.8664062629104592 0.7604167063254863 0.17031250253785402 0.2166666779667139
1 0.49609375739237294 0.21770834468770772 0.15156250225845724 0.210416677640751
1 0.27343750407453626 0.07604167063254863 0.14687500218860805 0.147916674381122
1 0.8242187622818165 0.4635416908422485 0.15156250225845724 0.210416677640751
1 0.8859375132014975 0.17812500928994268 0.1843750027474016 0.23958334582857788
1 0.07109375105937943 0.46770835772622377 0.13906250207219273 0.22708334517665207
1 0.7156250106636435 0.7697917068144307 0.13437500200234354 0.1979166769888252
1 0.6804687601397745 0.30520834925118834 0.15156250225845724 0.210416677640751
2 0.37734375562286004 0.8260417097480968 0.3078125045867637 0.34791668481193483
