2 0.6976562603958882 0.5625000293366611 0.3015625044936314 0.3708333526737988
2 0.6000000089406967 0.8656250451458618 0.23125000344589353 0.26875001401640475
0 0.848437512642704 0.7406250386266038 0.059375000884756446 0.08958333800546825
0 0.11093750165309757 0.221875011571683 0.059375000884756446 0.08958333800546825
1 0.3015625044936314 0.41666668839752674 0.2062500030733645 0.2916666818782687
1 0.23593750351574272 0.7427083720685914 0.16875000251457095 0.24375001271255314
1 0.08437500125728548 0.8218750428641215 0.16562500246800482 0.24375001271255314
1 0.1843750027474016 0.9239583815215155 0.1750000026077032 0.15208334126509726
1 0.875000013038516 0.10312500537838787 0.1312500019557774 0.20208334387280047
1 0.8218750122468919 0.15104167454410344 0.1312500019557774 0.23125001206062734
1 0.7726562615134753 0.18645834305789322 0.13281250197906047 0.23125001206062734
1 0.7054687605123036 0.2281250118976459 0.13281250197906047 0.23125001206062734
1 0.6257812593248673 0.2906250151572749 0.13281250197906047 0.23125001206062734
1 0.933593763911631 0.7031250366708264 0.13281250197906047 0.23125001206062734
1 0.9460937640978955 0.8500000443309546 0.10781250160653144 0.23333334550261497
1 0.21640625322470441 0.15729167487006634 0.1140625016996637 0.21875001140870154
1 0.2882812542957254 0.1541666747070849 0.12968750193249434 0.2166666779667139
1 0.5078125075669959 0.1427083407761529 0.14687500218860805 0.21875001140870154
1 0.41171875613508746 0.7125000371597707 0.17656250263098627 0.24583334615454078
