1 0.28750000428408384 0.580208363593556 0.15937500237487257 0.21875001140870154
1 0.5187500077299774 0.6093750317813829 0.15937500237487257 0.21875001140870154
1 0.559375008335337 0.8281250431900844 0.15937500237487257 0.21875001140870154
1 0.38515625573927537 0.751041705836542 0.14843750221189111 0.20208334387280047
1 0.2523437537602149 0.8635417117038742 0.14843750221189111 0.20208334387280047
1 0.3054687545518391 0.37395835283678025 0.14843750221189111 0.20208334387280047
1 0.41171875613508746 0.19583334354683757 0.17031250253785402 0.20000001043081284
1 0.4664062569499947 0.40416668774560094 0.17031250253785402 0.20000001043081284
1 0.8757812630501576 0.3406250177649781 0.17031250253785402 0.23958334582857788
1 0.8789062630967237 0.8572917113779113 0.17031250253785402 0.23958334582857788
1 0.7453125111060217 0.705208370112814 0.21250000316649675 0.22708334517665207
1 0.15390625229338184 0.28229168138932437 0.17031250253785402 0.23958334582857788
1 0.12109375180443749 0.49687502591405064 0.17031250253785402 0.23958334582857788
2 0.6648437599069439 0.13645834045019 0.34843750519212335 0.26875001401640475
