1 0.7500000111758709 0.2791666812263429 0.16562500246800482 0.19583334354683757
1 0.7070312605355866 0.4572916905162856 0.1671875024912879 0.210416677640751
1 0.7554687612573616 0.08229167095851153 0.17031250253785402 0.1604166750330478
1 0.1429687521304004 0.3083333494141698 0.16406250244472176 0.22083334485068917
1 0.534375007962808 0.7947917081182823 0.1843750027474016 0.2229166782926768
1 0.7453125111060217 0.6531250340631232 0.1843750027474016 0.2229166782926768
1 0.05703125084983185 0.4395833562593907 0.11093750165309757 0.1791666760109365
1 0.1312500019557774 0.6875000358559191 0.19375000288709998 0.19583334354683757
2 0.45234375674044713 0.5197916937759146 0.2984375044470653 0.4145833549555391
0 0.825000012293458 0.44062502298038453 0.0875000013038516 0.09375000488944352
