1 0.4203125062631443 0.6854167024139315 0.2062500030733645 0.26250001369044185
1 0.8109375120839104 0.6166666988283396 0.1312500019557774 0.1791666760109365
1 0.6687500099651515 0.6979167030658573 0.16562500246800482 0.18750000977888703
1 0.6875000102445483 0.40000002086162567 0.15000000223517418 0.1666666753590107
1 0.5187500077299774 0.4625000241212547 0.17187500256113708 0.18333334289491177
1 0.35781250533182174 0.25520834664348513 0.14375000214204192 0.19375001010484993
1 0.1843750027474016 0.2156250112457201 0.16875000251457095 0.23125001206062734
1 0.5390625080326572 0.14583334093913436 0.1843750027474016 0.21250001108273864
1 0.7945312618394382 0.21875001140870154 0.17656250263098627 0.22500001173466444
1 0.20000000298023224 0.677083368645981 0.15625000232830644 0.1916666766628623
1 0.14687500218860805 0.46562502428423613 0.16875000251457095 0.23958334582857788
1 0.5617187583702616 0.8760417123558 0.17031250253785402 0.2229166782926768
2 0.813281262118835 0.8343750435160473 0.37031250551808625 0.33125001727603376
