1 0.9054687634925358 0.8520833777729422 0.17031250253785402 0.22083334485068917
1 0.7601562613272108 0.8166667092591524 0.17031250253785402 0.22083334485068917
1 0.2773437541327439 0.8604167115408927 0.14531250216532499 0.2166666779667139
1 0.5757812585798092 0.7093750369967893 0.18593750277068466 0.2520833464805037
1 0.6539062597439624 0.534375027869828 0.18593750277068466 0.2520833464805037
1 0.6960937603726052 0.11875000619329512 0.17343750258442014 0.23333334550261497
1 0.8164062621654011 0.517708360333927 0.15468750230502337 0.20208334387280047
1 0.15703125233994797 0.3093750161351636 0.1671875024912879 0.23125001206062734
1 0.1843750027474016 0.7083333702757955 0.19062500284053385 0.20833334419876337
1 0.40390625601867214 0.6802083688089624 0.16406250244472176 0.1979166769888252
1 0.4195312562515028 0.9010417136596516 0.16406250244472176 0.1979166769888252
1 0.2601562538766302 0.16979167552199215 0.16406250244472176 0.23125001206062734
1 0.37734375562286004 0.09687500505242497 0.15468750230502337 0.18958334322087467
0 0.8351562624447979 0.3531250184169039 0.051562500768341124 0.09375000488944352
0 0.7101562605821528 0.3458333513699472 0.08593750128056854 0.10833333898335695
0 0.20703125308500603 0.47812502493616194 0.06406250095460564 0.09375000488944352
0 0.20781250309664756 0.39895835414063185 0.059375000884756446 0.07291667046956718
2 0.45312500675208867 0.3385416843229905 0.33125000493600965 0.4062500211875886
