2 0.7429687610710971 0.10729167226236314 0.2765625041211024 0.210416677640751
1 0.36328125541331246 0.11979167291428894 0.17031250253785402 0.23125001206062734
1 0.26328125392319635 0.43645835609640926 0.17031250253785402 0.23125001206062734
1 0.24453125364379957 0.2406250125495717 0.17031250253785402 0.23125001206062734
1 0.1507812522468157 0.26145834696944803 0.17031250253785402 0.23125001206062734
1 0.07421875110594556 0.3531250184169039 0.14531250216532499 0.23958334582857788
1 0.0898437513387762 0.4770833582151681 0.17343750258442014 0.2416666792705655
1 0.7492187611642294 0.6833333689719439 0.17343750258442014 0.2416666792705655
1 0.35546875529689714 0.8562500446569175 0.17031250253785402 0.2041666773147881
1 0.21953125327127054 0.8479167108889669 0.17031250253785402 0.2041666773147881
1 0.4710937570198439 0.4125000215135515 0.15156250225845724 0.19583334354683757
1 0.8632812628638931 0.5104166932869703 0.17343750258442014 0.2041666773147881
1 0.5804687586496584 0.8562500446569175 0.17031250253785402 0.25000001303851604
1 0.4148437561816536 0.7020833699498326 0.19843750295694917 0.23750001238659024
1 0.5601562583469786 0.5395833614747971 0.19843750295694917 0.23750001238659024
1 0.7890625117579475 0.3166666831821203 0.21562500321306288 0.2416666792705655
1 0.5476562581607141 0.2833333481103182 0.17656250263098627 0.2416666792705655
0 0.2593750038649887 0.5968750311294571 0.06250000093132257 0.07291667046956718
0 0.47187500703148544 0.9218750480795279 0.06250000093132257 0.07291667046956718
