1 0.6554687597672455 0.20000001043081284 0.1578125023515895 0.23333334550261497
1 0.8179687621886842 0.44166668970137835 0.1578125023515895 0.23333334550261497
1 0.7929687618161552 0.6916667027398944 0.19218750286381692 0.22500001173466444
1 0.9171875136671588 0.8604167115408927 0.16562500246800482 0.2041666773147881
1 0.7156250106636435 0.8864583795657381 0.16562500246800482 0.22708334517665207
1 0.9367187639581971 0.3135416830191389 0.1265625018859282 0.2229166782926768
1 0.8054687620024197 0.09375000488944352 0.14531250216532499 0.18333334289491177
1 0.49140625732252374 0.8291667099110782 0.11718750174622983 0.2291666786186397
1 0.4203125062631443 0.8281250431900844 0.18750000279396772 0.18958334322087467
1 0.23203125345753506 0.8333333767950535 0.16406250244472176 0.2291666786186397
1 0.6554687597672455 0.3833333533257246 0.14218750211875886 0.17083334224298596
1 0.364062505424954 0.15312500798609108 0.15625000232830644 0.19375001010484993
1 0.14218750211875886 0.5156250268919393 0.15625000232830644 0.19375001010484993
1 0.24140625359723344 0.13437500700820237 0.15156250225845724 0.22708334517665207
1 0.1289062519208528 0.3156250164611265 0.17656250263098627 0.23958334582857788
2 0.3734375055646524 0.5364583613118157 0.3812500056810677 0.49791669263504446
