2 0.21718750323634595 0.5833333637565374 0.36250000540167093 0.5958333644084632
1 0.7937500118277967 0.7781250405823812 0.20937500311993062 0.20625001075677574
1 0.656250009778887 0.49062502558808774 0.15000000223517418 0.18125000945292413
1 0.5515625082189217 0.534375027869828 0.15000000223517418 0.18125000945292413
1 0.4296875064028427 0.7572917061625049 0.1531250022817403 0.3145833497401327
1 0.5632812583935447 0.7625000397674739 0.14843750221189111 0.20000001043081284
1 0.5148437576717697 0.9000000469386578 0.14843750221189111 0.20000001043081284
1 0.7914062617928721 0.3156250164611265 0.1890625028172508 0.22708334517665207
1 0.7820312616531737 0.10104167193640023 0.1890625028172508 0.1979166769888252
1 0.42578125634463504 0.31770834990311414 0.18281250272411853 0.18958334322087467
1 0.5726562585332431 0.3083333494141698 0.21406250318977982 0.26250001369044185
1 0.1093750016298145 0.284375014831312 0.1968750029336661 0.2520833464805037
1 0.09062500135041773 0.0989583384944126 0.17812500265426934 0.19375001010484993
1 0.5312500079162419 0.06875000358559191 0.16875000251457095 0.13333334028720856
1 0.34609375515719876 0.14583334093913436 0.2109375031432137 0.23750001238659024
0 0.7382812610012479 0.9000000469386578 0.06406250095460564 0.07083333702757955
1 0.8234375122701749 0.4135416882345453 0.15000000223517418 0.18125000945292413
1 0.2859375042608008 0.9093750474276021 0.15000000223517418 0.18125000945292413
