1 0.7945312618394382 0.3281250171130523 0.1671875024912879 0.21458334452472627
1 0.8492187626543455 0.6260416993172839 0.1671875024912879 0.21458334452472627
1 0.9242187637719326 0.4520833569113165 0.15156250225845724 0.2166666779667139
1 0.9437500140629709 0.7822917074663565 0.11250000167638063 0.21875001140870154
1 0.5757812585798092 0.8708333787508309 0.18281250272411853 0.22083334485068917
1 0.559375008335337 0.21145834436174482 0.18750000279396772 0.23125001206062734
1 0.3937500058673322 0.17187500896397978 0.1531250022817403 0.24375001271255314
1 0.691406260302756 0.11250000586733222 0.15156250225845724 0.22083334485068917
1 0.06093750090803951 0.42916668904945254 0.11875000176951289 0.22083334485068917
1 0.05312500079162419 0.8947917133336887 0.10312500153668225 0.210416677640751
1 0.07187500107102096 0.07916667079553008 0.1406250020954758 0.1541666747070849
1 0.23828125355066732 0.09791667177341878 0.1796875026775524 0.1916666766628623
1 0.14765625220024958 0.7572917061625049 0.1796875026775524 0.19375001010484993
2 0.45781250682193786 0.5510416954057291 0.3281250048894435 0.4312500224914402
0 0.4710937570198439 0.8854167128447443 0.04531250067520887 0.07916667079553008
