0 0.7007812604424544 0.44270835642237216 0.0921875013737008 0.09791667177341878
2 0.6460937596275471 0.8447917107259855 0.19218750286381692 0.1729166756849736
1 0.4367187565076165 0.31770834990311414 0.1671875024912879 0.2229166782926768
1 0.714843760652002 0.16354167519602925 0.1671875024912879 0.2229166782926768
1 0.8820312631432898 0.19062500994186848 0.1671875024912879 0.2229166782926768
1 0.7976562618860044 0.540625028195791 0.1671875024912879 0.2229166782926768
1 0.8304687623749487 0.8822917126817629 0.1671875024912879 0.2229166782926768
1 0.5320312579278834 0.6072916983393952 0.1671875024912879 0.2229166782926768
0 0.607812509057112 0.7468750389525667 0.05312500079162419 0.06458333670161664
1 0.14609375217696652 0.6885417025769129 0.1671875024912879 0.2229166782926768
1 0.06250000093132257 0.6833333689719439 0.12187500181607902 0.21250001108273864
1 0.2085937531082891 0.4572916905162856 0.1671875024912879 0.2229166782926768
1 0.30703125457512215 0.6218750324333087 0.1671875024912879 0.2229166782926768
1 0.3085937545984052 0.8739583789138123 0.1671875024912879 0.2229166782926768
1 0.3054687545518391 0.8697917120298371 0.1671875024912879 0.2229166782926768
1 0.25390625378349796 0.19687501026783139 0.1671875024912879 0.2229166782926768
1 0.8023437619558536 0.2343750122236088 0.1671875024912879 0.2229166782926768
1 0.9453125140862539 0.6385416999692097 0.1093750016298145 0.210416677640751
1 0.1796875026775524 0.8989583802176639 0.16875000251457095 0.20208334387280047
1 0.08359375124564394 0.3781250197207555 0.16406250244472176 0.2229166782926768
1 0.14765625220024958 0.10000000521540642 0.17031250253785402 0.19583334354683757
1 0.34296875511063263 0.10000000521540642 0.17031250253785402 0.19583334354683757
0 0.15234375227009878 0.30104168236721307 0.05468750081490725 0.06875000358559191
