1 0.35546875529689714 0.2031250105937943 0.1578125023515895 0.20625001075677574
1 0.18046875268919393 0.8427083772839978 0.1578125023515895 0.20625001075677574
1 0.9406250140164047 0.9114583808695897 0.11875000176951289 0.17708334256894886
1 0.8234375122701749 0.7687500400934368 0.17187500256113708 0.22500001173466444
1 0.3398437550640665 0.8958333800546825 0.19218750286381692 0.20833334419876337
1 0.5390625080326572 0.20625001075677574 0.1531250022817403 0.2041666773147881
1 0.8007812619325705 0.1427083407761529 0.17656250263098627 0.1979166769888252
1 0.17890625266591087 0.10416667209938169 0.18593750277068466 0.2041666773147881
1 0.1554687523166649 0.6854167024139315 0.12031250179279596 0.1416666740551591
2 0.437500006519258 0.6093750317813829 0.3718750055413693 0.4645833575632423
