1 0.26093750388827175 0.5114583600079641 0.18125000270083547 0.20625001075677574
1 0.3539062552736141 0.7250000378116965 0.1578125023515895 0.2166666779667139
1 0.2531250037718564 0.7375000384636223 0.14375000214204192 0.18750000977888703
1 0.38203125569270924 0.11354167258832604 0.1796875026775524 0.2229166782926768
1 0.7843750116880983 0.8375000436790287 0.15937500237487257 0.2166666779667139
1 0.7960937618627213 0.4760416914941743 0.1671875024912879 0.23125001206062734
1 0.7687500114552677 0.5750000299885869 0.16562500246800482 0.21250001108273864
1 0.49375000735744834 0.36770835251081735 0.17187500256113708 0.1979166769888252
1 0.9375000139698386 0.27291668090038 0.12500000186264515 0.24583334615454078
1 0.9195312637020834 0.07291667046956718 0.1578125023515895 0.1416666740551591
1 0.7820312616531737 0.07291667046956718 0.1578125023515895 0.1416666740551591
1 0.5898437587893568 0.09687500505242497 0.1578125023515895 0.18958334322087467
1 0.7351562609546818 0.2343750122236088 0.15468750230502337 0.20208334387280047
1 0.43359375646105036 0.3281250171130523 0.15468750230502337 0.20208334387280047
1 0.18984375282889232 0.19479167682584375 0.15468750230502337 0.20208334387280047
1 0.11015625164145604 0.6260416993172839 0.1671875024912879 0.23125001206062734
1 0.47734375711297616 0.5604166958946735 0.1578125023515895 0.15000000782310963
1 0.9312500138767064 0.5937500309664756 0.13750000204890966 0.2166666779667139
2 0.6210937592550181 0.7812500407453626 0.2453125036554411 0.32500001695007086
