1 0.875000013038516 0.19479167682584375 0.17812500265426934 0.22708334517665207
1 0.5875000087544322 0.23020834533963352 0.17812500265426934 0.22708334517665207
1 0.17031250253785402 0.3906250203726813 0.17812500265426934 0.22708334517665207
1 0.2937500043772161 0.7697917068144307 0.17812500265426934 0.22708334517665207
1 0.4031250060070306 0.5052083596820012 0.17812500265426934 0.22708334517665207
1 0.45312500675208867 0.3718750193947926 0.17812500265426934 0.22708334517665207
1 0.278906254156027 0.20625001075677574 0.1578125023515895 0.22500001173466444
1 0.4734375070547685 0.9000000469386578 0.1625000024214387 0.19583334354683757
1 0.800000011920929 0.3895833536516875 0.1625000024214387 0.19583334354683757
1 0.9242187637719326 0.44270835642237216 0.15156250225845724 0.22708334517665207
2 0.6867187602329068 0.6906250360189006 0.38281250570435077 0.4562500237952918
