1 0.10078125150175765 0.5083333598449826 0.13906250207219273 0.2166666779667139
1 0.5757812585798092 0.6750000352039933 0.17031250253785402 0.19583334354683757
1 0.8335937624215148 0.5052083596820012 0.17656250263098627 0.19375001010484993
1 0.8507812626776285 0.7406250386266038 0.17656250263098627 0.21875001140870154
1 0.6773437600932084 0.28020834794733673 0.17656250263098627 0.21875001140870154
1 0.24921875371364877 0.21250001108273864 0.14843750221189111 0.1916666766628623
1 0.3304687549243681 0.904166713822633 0.14843750221189111 0.1916666766628623
1 0.6945312603493221 0.8583333780989051 0.14843750221189111 0.1916666766628623
1 0.43828125653089955 0.12708333996124566 0.14843750221189111 0.1916666766628623
1 0.5835937586962245 0.6166666988283396 0.17031250253785402 0.19583334354683757
1 0.133593751990702 0.5333333611488342 0.13906250207219273 0.2166666779667139
2 0.38281250570435077 0.5145833601709455 0.39687500591389835 0.44166668970137835
0 0.22421875334111974 0.7947917081182823 0.0703125010477379 0.09375000488944352
