1 0.8085937620489858 0.517708360333927 0.19843750295694917 0.21458334452472627
1 0.5289062578813173 0.7010417032288387 0.11093750165309757 0.21875001140870154
1 0.6289062593714334 0.4385416895383969 0.19843750295694917 0.21458334452472627
1 0.6257812593248673 0.4343750226544216 0.19843750295694917 0.21458334452472627
1 0.5703125084983185 0.3343750174390152 0.1312500019557774 0.16875000880099833
1 0.46484375692671165 0.28229168138932437 0.19843750295694917 0.21458334452472627
1 0.412500006146729 0.11354167258832604 0.16562500246800482 0.2229166782926768
1 0.07109375105937943 0.1416666740551591 0.13906250207219273 0.22500001173466444
1 0.05000000074505806 0.39270835381466895 0.09687500144354999 0.210416677640751
1 0.41093750612344593 0.8125000423751771 0.16562500246800482 0.22500001173466444
1 0.0945312514086254 0.8750000456348062 0.16093750239815563 0.2041666773147881
1 0.09765625145519152 0.6687500348780304 0.16093750239815563 0.2041666773147881
1 0.2039062530384399 0.8510417110519484 0.16406250244472176 0.16875000880099833
1 0.8437500125728548 0.13125000684522092 0.15625000232830644 0.22083334485068917
1 0.9343750139232725 0.33645835088100284 0.1312500019557774 0.147916674381122
2 0.278906254156027 0.5552083622897044 0.33906250505242497 0.42291668872348964
0 0.6250000093132257 0.6093750317813829 0.09687500144354999 0.1354166737291962
0 0.9210937637253664 0.04687500244472176 0.07968750118743628 0.08958333800546825
