1 0.4679687569732778 0.3208333500660956 0.18281250272411853 0.24583334615454078
1 0.6960937603726052 0.73958337190561 0.18281250272411853 0.24583334615454078
1 0.8492187626543455 0.8145833758171648 0.18281250272411853 0.24583334615454078
1 0.9109375135740265 0.36770835251081735 0.17812500265426934 0.20625001075677574
1 0.933593763911631 0.5927083642454818 0.13281250197906047 0.2479166795965284
1 0.7679687614436261 0.5218750272179022 0.16406250244472176 0.20208334387280047
1 0.7179687606985681 0.28645834827329963 0.16406250244472176 0.20208334387280047
1 0.7601562613272108 0.1052083388203755 0.16406250244472176 0.20208334387280047
1 0.24921875371364877 0.15937500831205398 0.16406250244472176 0.20208334387280047
2 0.4593750068452209 0.7937500413972884 0.34062500507570803 0.4125000215135515
2 0.16953125252621248 0.5229166939388961 0.33593750500585884 0.5250000273808837
