1 0.3562500053085387 0.8208333761431277 0.15625000232830644 0.18333334289491177
1 0.33125000493600965 0.38541668676771224 0.15625000232830644 0.18333334289491177
1 0.4054687560419552 0.18020834273193032 0.17031250253785402 0.2354166789446026
1 0.22890625341096893 0.08541667112149298 0.16093750239815563 0.1666666753590107
1 0.5281250078696758 0.6531250340631232 0.15937500237487257 0.2229166782926768
1 0.7796875116182491 0.3781250197207555 0.15937500237487257 0.2229166782926768
1 0.7460937611176632 0.6041666981764138 0.14843750221189111 0.19583334354683757
1 0.7351562609546818 0.9010417136596516 0.14843750221189111 0.1979166769888252
1 0.6273437593481503 0.10937500570435077 0.10156250151339918 0.14375000749714673
1 0.07812500116415322 0.20208334387280047 0.15000000223517418 0.1666666753590107
1 0.6304687593947165 0.36145835218485445 0.1578125023515895 0.210416677640751
1 0.11250000167638063 0.4125000215135515 0.15625000232830644 0.18333334289491177
2 0.1265625018859282 0.7062500368338078 0.2500000037252903 0.31250001629814506
0 0.8695312629570253 0.26979168073739856 0.07343750109430403 0.08958333800546825
1 0.20234375301515684 0.46562502428423613 0.1578125023515895 0.23125001206062734
