2 0.2765625041211024 0.8281250431900844 0.34062500507570803 0.34375001792795956
1 0.6187500092200935 0.8489583776099607 0.15625000232830644 0.19375001010484993
1 0.1554687523166649 0.49791669263504446 0.14531250216532499 0.25000001303851604
1 0.7695312614669092 0.9166667144745588 0.1359375020256266 0.1666666753590107
1 0.788281261746306 0.358333352021873 0.1359375020256266 0.1666666753590107
1 0.7773437615833245 0.6979167030658573 0.1359375020256266 0.1666666753590107
1 0.7226562607684173 0.693750036181882 0.14218750211875886 0.20833334419876337
1 0.5054687575320713 0.8260417097480968 0.14218750211875886 0.22708334517665207
1 0.9226562637486495 0.23020834533963352 0.14218750211875886 0.20208334387280047
1 0.8289062623516656 0.2906250151572749 0.14218750211875886 0.20208334387280047
1 0.6359375094762072 0.44166668970137835 0.09687500144354999 0.17083334224298596
1 0.5656250084284693 0.46666669100522995 0.10312500153668225 0.19583334354683757
1 0.5453125081257895 0.23645834566559643 0.18125000270083547 0.22708334517665207
1 0.5492187581839971 0.07187500374857336 0.16406250244472176 0.13958334061317146
1 0.6210937592550181 0.17083334224298596 0.16093750239815563 0.23333334550261497
1 0.29296875436557457 0.10000000521540642 0.1671875024912879 0.19583334354683757
1 0.07734375115251169 0.210416677640751 0.15156250225845724 0.26250001369044185
1 0.3296875049127266 0.44166668970137835 0.14375000214204192 0.2166666779667139
1 0.8046875119907781 0.5500000286847353 0.15937500237487257 0.2291666786186397
