1 0.8828125131549314 0.41770835511852056 0.1750000026077032 0.2229166782926768
1 0.7484375111525878 0.420833355281502 0.1093750016298145 0.23333334550261497
1 0.6265625093365088 0.5697916963836178 0.1750000026077032 0.22708334517665207
1 0.5421875080792233 0.8177083759801462 0.18750000279396772 0.21875001140870154
1 0.0679687510128133 0.4156250216765329 0.13281250197906047 0.18958334322087467
1 0.5406250080559403 0.27604168106336147 0.13437500200234354 0.18958334322087467
1 0.6609375098487362 0.11979167291428894 0.13437500200234354 0.18958334322087467
1 0.9390625139931217 0.6260416993172839 0.11875000176951289 0.20625001075677574
1 0.20703125308500603 0.10416667209938169 0.15468750230502337 0.2041666773147881
1 0.16796875250292942 0.28020834794733673 0.17343750258442014 0.19375001010484993
2 0.14765625220024958 0.7156250373227522 0.2890625043073669 0.4020833543036133
0 0.9390625139931217 0.915625047753565 0.06875000102445483 0.06875000358559191
1 0.5625000083819032 0.7468750389525667 0.1531250022817403 0.147916674381122
1 0.36093750537838787 0.5145833601709455 0.17812500265426934 0.15000000782310963
