1 0.1773437526426278 0.2583333468064666 0.16093750239815563 0.21250001108273864
1 0.4539062567637302 0.5875000306405127 0.17031250253785402 0.27500001434236765
1 0.2796875041676685 0.7250000378116965 0.15625000232830644 0.20000001043081284
1 0.6710937600000761 0.7614583730464801 0.2015625030035153 0.2479166795965284
1 0.8492187626543455 0.18125000945292413 0.15468750230502337 0.21250001108273864
1 0.3515625052386895 0.16354167519602925 0.15000000223517418 0.2229166782926768
1 0.19218750286381692 0.4958333591930568 0.1843750027474016 0.1916666766628623
1 0.14921875222353265 0.8479167108889669 0.1578125023515895 0.16250000847503543
1 0.9062500135041773 0.7062500368338078 0.1625000024214387 0.20833334419876337
1 0.22031250328291208 0.60312503145542 0.2625000039115548 0.147916674381122
2 0.6148437591618858 0.2906250151572749 0.3546875052852556 0.4020833543036133
