1 0.32187500479631126 0.33125001727603376 0.15625000232830644 0.19583334354683757
1 0.3421875050989911 0.8864583795657381 0.15937500237487257 0.21458334452472627
1 0.43593750649597496 0.5333333611488342 0.12812500190921128 0.11666667275130749
1 0.7968750118743628 0.42916668904945254 0.16875000251457095 0.18750000977888703
1 0.9195312637020834 0.7427083720685914 0.16093750239815563 0.23958334582857788
1 0.19218750286381692 0.2166666779667139 0.19375000288709998 0.17083334224298596
1 0.08906250132713467 0.9375000488944352 0.15625000232830644 0.12500000651925802
0 0.09765625145519152 0.3208333500660956 0.07656250114087015 0.10416667209938169
0 0.47421875706641003 0.42395835544448346 0.0703125010477379 0.08958333800546825
0 0.9445312640746124 0.9114583808695897 0.06093750090803951 0.07708333735354245
0 0.8234375122701749 0.7468750389525667 0.06250000093132257 0.07708333735354245
2 0.1750000026077032 0.5656250294996426 0.3031250045169145 0.3770833529997617
