1 0.5148437576717697 0.3510416849749163 0.17656250263098627 0.2229166782926768
1 0.17578125261934474 0.3260416836710647 0.17656250263098627 0.2229166782926768
1 0.728125010849908 0.22083334485068917 0.1625000024214387 0.2666666805744171
1 0.9187500136904418 0.28750001499429345 0.1625000024214387 0.2666666805744171
1 0.8218750122468919 0.5354166945908219 0.1625000024214387 0.2666666805744171
1 0.8093750120606273 0.8354167102370411 0.1625000024214387 0.2666666805744171
1 0.7375000109896064 0.8666667118668556 0.1625000024214387 0.2666666805744171
1 0.4132812561583705 0.47395835805218667 0.15468750230502337 0.2229166782926768
1 0.6710937600000761 0.4885416921461001 0.15468750230502337 0.2229166782926768
1 0.07812500116415322 0.24479167943354696 0.1531250022817403 0.2229166782926768
1 0.6000000089406967 0.09166667144745588 0.18750000279396772 0.1791666760109365
1 0.35312500526197255 0.073958337190561 0.20000000298023224 0.14375000749714673
1 0.33828125504078344 0.45312502363231033 0.1359375020256266 0.21875001140870154
1 0.28515625424915925 0.5072916931239888 0.1359375020256266 0.21875001140870154
1 0.22890625341096893 0.5489583619637415 0.1359375020256266 0.21875001140870154
1 0.11328125168802217 0.5906250308034942 0.1359375020256266 0.21875001140870154
0 0.29453125438885763 0.17187500896397978 0.05781250086147338 0.07291667046956718
0 0.03828125057043508 0.8718750454718247 0.05781250086147338 0.07291667046956718
0 0.22265625331783667 0.6718750350410119 0.05781250086147338 0.07291667046956718
2 0.5242187578114681 0.8000000417232513 0.3296875049127266 0.40000002086162567
1 0.30234375450527295 0.751041705836542 0.13281250197906047 0.2604166802484542
1 0.18515625275904313 0.12083333963528275 0.17343750258442014 0.16250000847503543
