1 0.5242187578114681 0.36770835251081735 0.12031250179279596 0.18958334322087467
1 0.8375000124797225 0.5520833621267229 0.1968750029336661 0.20000001043081284
1 0.642968759580981 0.3781250197207555 0.16093750239815563 0.23125001206062734
1 0.327343754877802 0.5270833608228713 0.20468750305008143 0.28750001499429345
1 0.11015625164145604 0.6833333689719439 0.10468750155996531 0.2041666773147881
1 0.7960937618627213 0.1979166769888252 0.10468750155996531 0.2041666773147881
1 0.8835937631665729 0.7645833732094616 0.1140625016996637 0.20000001043081284
1 0.09609375143190846 0.9229167148005217 0.16406250244472176 0.1541666747070849
1 0.4054687560419552 0.6854167024139315 0.16406250244472176 0.18750000977888703
2 0.6132812591386028 0.7697917068144307 0.30468750454019755 0.3229166835080832
0 0.26328125392319635 0.9197917146375403 0.048437500721774995 0.06875000358559191
1 0.6640625098953024 0.19583334354683757 0.15000000223517418 0.20000001043081284
