1 0.09531250142026693 0.7583333728834987 0.1531250022817403 0.19583334354683757
1 0.055468750826548785 0.5354166945908219 0.10781250160653144 0.27500001434236765
1 0.5742187585565262 0.37395835283678025 0.19531250291038305 0.2354166789446026
1 0.6921875103143975 0.6291666994802654 0.15937500237487257 0.22500001173466444
1 0.3468750051688403 0.7302083714166656 0.15625000232830644 0.24375001271255314
1 0.9062500135041773 0.49791669263504446 0.18750000279396772 0.2291666786186397
1 0.5726562585332431 0.09062500472646207 0.16406250244472176 0.17708334256894886
1 0.2210937532945536 0.2770833477843553 0.20781250309664756 0.2041666773147881
1 0.17812500265426934 0.4458333565853536 0.1968750029336661 0.2708333474583924
1 0.5296875078929588 0.7531250392785296 0.1968750029336661 0.210416677640751
1 0.36250000540167093 0.08125000423751771 0.19375000288709998 0.15833334159106016
0 0.35078125522704795 0.9177083811955526 0.06093750090803951 0.09375000488944352
0 0.45312500675208867 0.17187500896397978 0.059375000884756446 0.08541667112149298
2 0.7476562611409463 0.1729166756849736 0.2453125036554411 0.3166666831821203
