1 0.3515625052386895 0.49166669230908155 0.17187500256113708 0.21250001108273864
1 0.7140625106403604 0.5541666955687106 0.17187500256113708 0.21250001108273864
1 0.8687500129453838 0.7375000384636223 0.17187500256113708 0.21250001108273864
1 0.8546875127358362 0.23750001238659024 0.17187500256113708 0.21250001108273864
1 0.0875000013038516 0.17395834240596741 0.17187500256113708 0.21875001140870154
1 0.32656250486616045 0.7260417045326903 0.19062500284053385 0.21458334452472627
1 0.5062500075437129 0.26979168073739856 0.19062500284053385 0.21458334452472627
1 0.7460937611176632 0.3958333539776504 0.16093750239815563 0.1791666760109365
1 0.2992187544587068 0.09062500472646207 0.16093750239815563 0.17708334256894886
0 0.1382812520605512 0.3458333513699472 0.0703125010477379 0.09166667144745588
2 0.5812500086612999 0.8041667086072266 0.3500000052154064 0.39166668709367514
