1 0.7242187607917003 0.49791669263504446 0.20468750305008143 0.1791666760109365
1 0.7445312610943802 0.23020834533963352 0.1890625028172508 0.23958334582857788
1 0.9242187637719326 0.24895834631752223 0.15156250225845724 0.23958334582857788
1 0.5171875077066943 0.1979166769888252 0.1625000024214387 0.2166666779667139
1 0.37500000558793545 0.8354167102370411 0.1625000024214387 0.1916666766628623
1 0.5031250074971467 0.8145833758171648 0.11875000176951289 0.1791666760109365
1 0.6085937590687536 0.7427083720685914 0.1578125023515895 0.210416677640751
1 0.7179687606985681 0.8093750422121957 0.19531250291038305 0.1854166763368994
1 0.7757812615600415 0.7093750369967893 0.19531250291038305 0.1854166763368994
1 0.07343750109430403 0.8666667118668556 0.14375000214204192 0.2166666779667139
1 0.20312500302679837 0.23750001238659024 0.18750000279396772 0.1791666760109365
1 0.3835937557159923 0.073958337190561 0.1890625028172508 0.14375000749714673
1 0.9484375141328201 0.48645835870411247 0.10312500153668225 0.22708334517665207
2 0.3734375055646524 0.5239583606598899 0.38750000577419996 0.4895833588670939
0 0.07421875110594556 0.6437500335741788 0.07343750109430403 0.07500000391155481
