2 0.3500000052154064 0.6364583665272221 0.21250000316649675 0.23958334582857788
0 0.25859375385334715 0.4708333578892052 0.07968750118743628 0.10000000521540642
1 0.8476562626310624 0.28854168171528727 0.17656250263098627 0.23958334582857788
1 0.7265625108266249 0.6468750337371603 0.1312500019557774 0.18958334322087467
1 0.933593763911631 0.8177083759801462 0.12968750193249434 0.18958334322087467
1 0.6742187600466423 0.7760417071403936 0.19843750295694917 0.23958334582857788
1 0.5070312575553544 0.8114583756541833 0.19843750295694917 0.23958334582857788
1 0.6632812598836608 0.4520833569113165 0.17343750258442014 0.1916666766628623
1 0.6742187600466423 0.2166666779667139 0.1671875024912879 0.25000001303851604
1 0.35781250533182174 0.3281250171130523 0.1531250022817403 0.2229166782926768
1 0.1671875024912879 0.4072916879085824 0.1531250022817403 0.2229166782926768
1 0.06875000102445483 0.4072916879085824 0.13437500200234354 0.2979166822042316
1 0.5125000076368451 0.60312503145542 0.1531250022817403 0.2229166782926768
1 0.5171875077066943 0.3760416862787679 0.1531250022817403 0.2229166782926768
1 0.48671875725267455 0.12083333963528275 0.20468750305008143 0.23750001238659024
1 0.3179687547381036 0.08229167095851153 0.1578125023515895 0.1604166750330478
1 0.8179687621886842 0.11354167258832604 0.22031250328291208 0.2229166782926768
1 0.05390625080326572 0.6166666988283396 0.10468750155996531 0.2291666786186397
1 0.1406250020954758 0.11354167258832604 0.1531250022817403 0.2229166782926768
