1 0.11875000176951289 0.31145834957715124 0.15937500237487257 0.2479166795965284
1 0.08906250132713467 0.10312500537838787 0.15937500237487257 0.20208334387280047
1 0.2664062539697625 0.08125000423751771 0.19218750286381692 0.15833334159106016
1 0.5179687577183358 0.1291666734032333 0.1796875026775524 0.23333334550261497
1 0.6585937598138116 0.4812500250991434 0.1796875026775524 0.2416666792705655
1 0.21015625313157216 0.6604167011100799 0.15156250225845724 0.21250001108273864
1 0.07578125112922862 0.7687500400934368 0.14843750221189111 0.2291666786186397
1 0.3515625052386895 0.8041667086072266 0.15000000223517418 0.2291666786186397
1 0.5179687577183358 0.7416667053475976 0.15156250225845724 0.20833334419876337
1 0.7000000104308128 0.7218750376487151 0.1750000026077032 0.210416677640751
1 0.8703125129686669 0.8760417123558 0.1750000026077032 0.210416677640751
1 0.6828125101746991 0.2343750122236088 0.1531250022817403 0.210416677640751
1 0.4351562564843334 0.9281250484054908 0.14218750211875886 0.13958334061317146
1 0.2281250033993274 0.927083381684497 0.1750000026077032 0.13750000717118382
2 0.36328125541331246 0.37500001955777407 0.37031250551808625 0.4750000247731805
0 0.7906250117812306 0.4885416921461001 0.10625000158324838 0.13958334061317146
0 0.7703125114785507 0.13229167356621474 0.07187500107102096 0.08541667112149298
