1 0.42109375627478585 0.3760416862787679 0.19843750295694917 0.23125001206062734
1 0.21328125317813829 0.5208333604969084 0.15468750230502337 0.2041666773147881
1 0.07812500116415322 0.10104167193640023 0.15000000223517418 0.1979166769888252
1 0.14531250216532499 0.30520834925118834 0.19375000288709998 0.20208334387280047
1 0.5187500077299774 0.6270833660382777 0.15000000223517418 0.1791666760109365
1 0.47500000707805157 0.7541667059995234 0.1625000024214387 0.23333334550261497
1 0.4515625067288056 0.8687500453088433 0.1625000024214387 0.23333334550261497
1 0.7015625104540959 0.5593750291736796 0.1843750027474016 0.17708334256894886
1 0.8492187626543455 0.9250000482425094 0.17656250263098627 0.15000000782310963
1 0.7804687616298907 0.751041705836542 0.22031250328291208 0.2479166795965284
1 0.6132812591386028 0.887500046286732 0.16406250244472176 0.22500001173466444
1 0.8953125133411959 0.10312500537838787 0.18750000279396772 0.20208334387280047
1 0.3085937545984052 0.8197917094221339 0.16093750239815563 0.21875001140870154
1 0.5601562583469786 0.13229167356621474 0.16093750239815563 0.21875001140870154
1 0.13046875194413587 0.6760417019249871 0.16093750239815563 0.21875001140870154
0 0.4273437563679181 0.14687500766012818 0.06406250095460564 0.09791667177341878
0 0.027343750407453626 0.20625001075677574 0.051562500768341124 0.10000000521540642
2 0.7257812608149834 0.3083333494141698 0.3109375046333298 0.35000001825392246
