1 0.716406260675285 0.7354167050216347 0.1890625028172508 0.26250001369044185
1 0.3250000048428774 0.631250032922253 0.20937500311993062 0.26250001369044185
1 0.0945312514086254 0.48645835870411247 0.18593750277068466 0.1854166763368994
1 0.0679687510128133 0.8885417130077258 0.13281250197906047 0.2229166782926768
1 0.29062500433064997 0.14479167421814054 0.19062500284053385 0.22708334517665207
1 0.2593750038649887 0.36770835251081735 0.19062500284053385 0.22708334517665207
1 0.5187500077299774 0.9093750474276021 0.1750000026077032 0.17708334256894886
1 0.9085937635391019 0.1114583391463384 0.13281250197906047 0.1729166756849736
1 0.6554687597672455 0.1604166750330478 0.20468750305008143 0.23750001238659024
1 0.4882812572759576 0.10937500570435077 0.17656250263098627 0.21458334452472627
1 0.5875000087544322 0.6760417019249871 0.17187500256113708 0.2229166782926768
2 0.5062500075437129 0.40520835446659476 0.3562500053085387 0.4270833556074649
