1 0.21328125317813829 0.6958333696238697 0.1578125023515895 0.21250001108273864
1 0.14609375217696652 0.4812500250991434 0.1578125023515895 0.21250001108273864
1 0.41171875613508746 0.13958334061317146 0.1578125023515895 0.21250001108273864
1 0.21015625313157216 0.19375001010484993 0.1578125023515895 0.21250001108273864
1 0.9226562637486495 0.4072916879085824 0.15468750230502337 0.23958334582857788
1 0.9226562637486495 0.8218750428641215 0.15468750230502337 0.23958334582857788
1 0.7835937616764568 0.15729167487006634 0.15468750230502337 0.23958334582857788
1 0.8992187633994035 0.16250000847503543 0.1890625028172508 0.2583333468064666
1 0.364062505424954 0.4635416908422485 0.1531250022817403 0.1979166769888252
1 0.40468750603031367 0.6531250340631232 0.1531250022817403 0.1979166769888252
1 0.7523437612107955 0.8010417084442452 0.16406250244472176 0.21458334452472627
1 0.4757812570896931 0.3510416849749163 0.12343750183936208 0.22708334517665207
2 0.532812507939525 0.5312500277068466 0.19375000288709998 0.22083334485068917
