1 0.8304687623749487 0.14687500766012818 0.1890625028172508 0.2479166795965284
1 0.9312500138767064 0.5395833614747971 0.13750000204890966 0.24583334615454078
1 0.9000000134110451 0.7729167069774121 0.1750000026077032 0.24583334615454078
1 0.17890625266591087 0.6614583678310737 0.17656250263098627 0.23958334582857788
1 0.6085937590687536 0.4312500224914402 0.1671875024912879 0.2041666773147881
1 0.21484375320142135 0.8916667131707072 0.1671875024912879 0.2041666773147881
1 0.4437500066123903 0.7802083740243688 0.17812500265426934 0.22708334517665207
1 0.04687500069849193 0.7895833745133132 0.09062500135041773 0.2166666779667139
1 0.6476562596508302 0.7468750389525667 0.12031250179279596 0.20208334387280047
0 0.34140625508734956 0.12291667307727039 0.26093750388827175 0.2416666792705655
