1 0.42656250635627657 0.5593750291736796 0.16562500246800482 0.19375001010484993
1 0.6515625097090378 0.13125000684522092 0.16875000251457095 0.24583334615454078
1 0.7257812608149834 0.4187500218395144 0.13281250197906047 0.21250001108273864
1 0.4828125071944669 0.1177083394723013 0.16562500246800482 0.21875001140870154
1 0.29453125438885763 0.38125001988373697 0.22656250337604433 0.2291666786186397
1 0.6820312601630576 0.7062500368338078 0.1796875026775524 0.21250001108273864
1 0.1945312528987415 0.5635416960576549 0.12031250179279596 0.1604166750330478
1 0.17421875259606168 0.8812500459607691 0.15468750230502337 0.19583334354683757
1 0.2429687536205165 0.17708334256894886 0.17031250253785402 0.23333334550261497
1 0.47500000707805157 0.36770835251081735 0.16875000251457095 0.210416677640751
1 0.3492187552037649 0.8833333794027567 0.15156250225845724 0.23333334550261497
2 0.5898437587893568 0.8479167108889669 0.3515625052386895 0.3041666825301945
