1 0.3539062552736141 0.6947917029028758 0.14531250216532499 0.21875001140870154
1 0.4570312568102963 0.8239583763061091 0.14531250216532499 0.21875001140870154
1 0.7679687614436261 0.6437500335741788 0.18593750277068466 0.2166666779667139
1 0.9070312635158189 0.5312500277068466 0.18593750277068466 0.2166666779667139
1 0.9179687636788003 0.3197916833451018 0.16406250244472176 0.21875001140870154
1 0.6054687590221874 0.7093750369967893 0.17343750258442014 0.25625001336447895
1 0.3453125051455572 0.10729167226236314 0.1843750027474016 0.210416677640751
1 0.17812500265426934 0.24375001271255314 0.1843750027474016 0.21250001108273864
1 0.3109375046333298 0.4458333565853536 0.1843750027474016 0.21250001108273864
1 0.0921875013737008 0.6687500348780304 0.18125000270083547 0.21250001108273864
2 0.5726562585332431 0.3572916853008792 0.36093750537838787 0.48541669198311865
