1 0.7570312612806447 0.3291666838340461 0.17031250253785402 0.19583334354683757
1 0.5929687588359229 0.346875018090941 0.1578125023515895 0.18958334322087467
1 0.692968760326039 0.8572917113779113 0.1578125023515895 0.18958334322087467
1 0.15234375227009878 0.1552083414280787 0.1890625028172508 0.2604166802484542
1 0.5242187578114681 0.11666667275130749 0.22968750342261046 0.2291666786186397
1 0.3539062552736141 0.5218750272179022 0.17343750258442014 0.19375001010484993
1 0.4132812561583705 0.7364583717426285 0.12343750183936208 0.1729166756849736
1 0.5726562585332431 0.8114583756541833 0.15468750230502337 0.16458334191702306
1 0.885156263189856 0.790625041234307 0.18593750277068466 0.2354166789446026
1 0.45546875678701326 0.3166666831821203 0.17031250253785402 0.22083334485068917
1 0.7351562609546818 0.15312500798609108 0.1578125023515895 0.23125001206062734
2 0.534375007962808 0.6156250321073458 0.21250000316649675 0.2479166795965284
