2 0.3078125045867637 0.6927083694608882 0.2812500041909516 0.3770833529997617
1 0.41093750612344593 0.3281250171130523 0.1750000026077032 0.21458334452472627
1 0.3468750051688403 0.3781250197207555 0.1750000026077032 0.21458334452472627
1 0.7062500105239451 0.4635416908422485 0.14687500218860805 0.21458334452472627
1 0.848437512642704 0.3281250171130523 0.1750000026077032 0.21458334452472627
1 0.9257812637952156 0.7739583736984059 0.14843750221189111 0.2354166789446026
1 0.4804687571595423 0.8854167128447443 0.14843750221189111 0.2291666786186397
1 0.06953125103609636 0.6520833673421293 0.1359375020256266 0.19583334354683757
1 0.07812500116415322 0.3958333539776504 0.1531250022817403 0.2166666779667139
1 0.17187500256113708 0.2895833484362811 0.15625000232830644 0.2166666779667139
1 0.5703125084983185 0.16250000847503543 0.20000000298023224 0.23750001238659024
1 0.6960937603726052 0.23750001238659024 0.15156250225845724 0.22500001173466444
1 0.923437513760291 0.6166666988283396 0.15000000223517418 0.22500001173466444
1 0.6593750098254532 0.4562500237952918 0.09687500144354999 0.21250001108273864
1 0.7335937609313987 0.08437500440049917 0.15156250225845724 0.16458334191702306
1 0.8257812623050995 0.08437500440049917 0.15156250225845724 0.16458334191702306
0 0.2812500041909516 0.22604167845565826 0.05625000083819032 0.07291667046956718
1 0.8046875119907781 0.6572917009470984 0.14687500218860805 0.21458334452472627
1 0.2476562536903657 0.09062500472646207 0.16093750239815563 0.17708334256894886
1 0.21484375320142135 0.9020833803806454 0.2109375031432137 0.18333334289491177
