2 0.2835937542258762 0.6843750356929377 0.28281250421423465 0.30625001597218215
0 0.7500000111758709 0.210416677640751 0.05625000083819032 0.07500000391155481
0 0.7117187606054358 0.08437500440049917 0.08281250123400241 0.10208333865739405
0 0.2859375042608008 0.9354167154524475 0.05625000083819032 0.07500000391155481
1 0.8960937633528374 0.665625034715049 0.18593750277068466 0.21875001140870154
1 0.4195312562515028 0.42395835544448346 0.18593750277068466 0.21875001140870154
1 0.47890625713625923 0.3572916853008792 0.18593750277068466 0.21875001140870154
1 0.5773437586030923 0.3906250203726813 0.18593750277068466 0.21875001140870154
1 0.6492187596741132 0.38020835316274315 0.18593750277068466 0.21875001140870154
1 0.716406260675285 0.4281250223284587 0.18593750277068466 0.21875001140870154
1 0.7757812615600415 0.4447916898643598 0.18593750277068466 0.21875001140870154
1 0.8835937631665729 0.3947916872566566 0.18593750277068466 0.21875001140870154
1 0.2695312540163286 0.11041667242534459 0.18593750277068466 0.2166666779667139
1 0.4320312564377673 0.11041667242534459 0.18593750277068466 0.2166666779667139
1 0.5492187581839971 0.16562500863801688 0.18593750277068466 0.21875001140870154
1 0.07890625117579475 0.5145833601709455 0.15468750230502337 0.2708333474583924
1 0.6531250097323209 0.9145833810325712 0.18750000279396772 0.17083334224298596
