1 0.30937500461004674 0.7322917048586532 0.1406250020954758 0.17708334256894886
1 0.2773437541327439 0.9177083811955526 0.14531250216532499 0.16458334191702306
1 0.6726562600233592 0.48020835837814957 0.1671875024912879 0.22708334517665207
1 0.8289062623516656 0.6625000345520675 0.13906250207219273 0.18333334289491177
1 0.7421875110594556 0.07812500407453626 0.12812500190921128 0.15208334126509726
1 0.838281262491364 0.21770834468770772 0.17343750258442014 0.20625001075677574
1 0.21406250318977982 0.33750001760199666 0.14687500218860805 0.18333334289491177
1 0.5062500075437129 0.3822916866047308 0.15625000232830644 0.19375001010484993
1 0.8828125131549314 0.05312500277068466 0.15625000232830644 0.10208333865739405
1 0.9382812639814802 0.3781250197207555 0.12343750183936208 0.20625001075677574
1 0.960156264307443 0.7208333709277213 0.07968750118743628 0.17500000912696123
1 0.910156263562385 0.9083333807066083 0.17343750258442014 0.18333334289491177
1 0.522656257788185 0.13750000717118382 0.19843750295694917 0.20000001043081284
2 0.4710937570198439 0.8458333774469793 0.2109375031432137 0.3083333494141698
0 0.4734375070547685 0.6614583678310737 0.0656250009778887 0.08958333800546825
