1 0.12109375180443749 0.3083333494141698 0.1671875024912879 0.22500001173466444
1 0.7242187607917003 0.6343750330852345 0.19218750286381692 0.2229166782926768
1 0.7382812610012479 0.8885417130077258 0.19218750286381692 0.2229166782926768
1 0.9179687636788003 0.1114583391463384 0.15468750230502337 0.21875001140870154
1 0.606250009033829 0.4197916885605082 0.14375000214204192 0.1979166769888252
1 0.789843761769589 0.25520834664348513 0.1671875024912879 0.20625001075677574
1 0.23828125355066732 0.5781250301515684 0.1671875024912879 0.20625001075677574
1 0.15000000223517418 0.6072916983393952 0.18750000279396772 0.21875001140870154
1 0.3250000048428774 0.2406250125495717 0.1625000024214387 0.21875001140870154
1 0.6750000100582838 0.432291689212434 0.13750000204890966 0.17708334256894886
2 0.2890625043073669 0.8885417130077258 0.2625000039115548 0.2229166782926768
2 0.4562500067986548 0.7000000365078449 0.3500000052154064 0.5041666929610074
