1 0.5765625085914508 0.7687500400934368 0.17187500256113708 0.22083334485068917
1 0.7632812613737769 0.7239583710907027 0.19843750295694917 0.23125001206062734
1 0.7390625110128894 0.9166667144745588 0.2062500030733645 0.1666666753590107
1 0.5523437582305633 0.4760416914941743 0.2015625030035153 0.22708334517665207
1 0.3179687547381036 0.23854167910758406 0.2015625030035153 0.22708334517665207
1 0.4906250073108822 0.20625001075677574 0.1531250022817403 0.20833334419876337
1 0.6117187591153197 0.2791666812263429 0.1578125023515895 0.1916666766628623
1 0.9242187637719326 0.10937500570435077 0.15156250225845724 0.21458334452472627
1 0.9242187637719326 0.35416668513789773 0.15156250225845724 0.2166666779667139
1 0.7945312618394382 0.4958333591930568 0.17343750258442014 0.24583334615454078
1 0.3476562551804818 0.9020833803806454 0.17343750258442014 0.19583334354683757
1 0.23125000344589353 0.7593750396044925 0.1750000026077032 0.23125001206062734
1 0.22187500330619514 0.5364583613118157 0.1750000026077032 0.23125001206062734
2 0.38984375580912456 0.6395833666902035 0.18593750277068466 0.26250001369044185
0 0.02109375031432137 0.10208333865739405 0.03906250058207661 0.08750000456348062
