1 0.5843750087078661 0.5968750311294571 0.15000000223517418 0.21458334452472627
1 0.3453125051455572 0.6739583684829995 0.15000000223517418 0.21458334452472627
1 0.42343750630971044 0.6760417019249871 0.15000000223517418 0.21458334452472627
1 0.4562500067986548 0.8552083779359236 0.1625000024214387 0.20625001075677574
1 0.20781250309664756 0.8031250418862328 0.1625000024214387 0.20625001075677574
1 0.08125000121071935 0.8197917094221339 0.15937500237487257 0.20625001075677574
1 0.6203125092433766 0.9145833810325712 0.15000000223517418 0.17083334224298596
1 0.6781250101048499 0.8895833797287196 0.15000000223517418 0.17083334224298596
1 0.7156250106636435 0.8354167102370411 0.15000000223517418 0.17083334224298596
1 0.7796875116182491 0.7916667079553008 0.15000000223517418 0.17083334224298596
1 0.8171875121770427 0.7500000391155481 0.15000000223517418 0.17083334224298596
1 0.848437512642704 0.7187500374857336 0.15000000223517418 0.17083334224298596
1 0.7578125112922862 0.5041666929610074 0.15000000223517418 0.17083334224298596
1 0.8093750120606273 0.5208333604969084 0.15000000223517418 0.17083334224298596
1 0.8656250128988177 0.5479166952427477 0.15000000223517418 0.17083334224298596
1 0.6867187602329068 0.295833348762244 0.15468750230502337 0.2166666779667139
1 0.07812500116415322 0.335416684160009 0.1531250022817403 0.2166666779667139
1 0.20312500302679837 0.2520833464805037 0.15625000232830644 0.2166666779667139
1 0.3539062552736141 0.29895834892522544 0.13281250197906047 0.16875000880099833
1 0.6023437589756213 0.1114583391463384 0.13281250197906047 0.16875000880099833
1 0.933593763911631 0.37395835283678025 0.13281250197906047 0.16875000880099833
2 0.8781250130850822 0.17187500896397978 0.22187500330619514 0.25625001336447895
1 0.4343750064726919 0.4885416921461001 0.15000000223517418 0.21458334452472627
1 0.3281250048894435 0.19270834338385612 0.15000000223517418 0.21458334452472627
0 0.29453125438885763 0.05625000293366611 0.048437500721774995 0.058333336375653744
