1 0.5015625074738637 0.23958334582857788 0.19375000288709998 0.21250001108273864
1 0.3492187552037649 0.716666704043746 0.17343750258442014 0.22500001173466444
1 0.5062500075437129 0.5072916931239888 0.14375000214204192 0.23125001206062734
1 0.7914062617928721 0.26979168073739856 0.1671875024912879 0.21875001140870154
1 0.644531259604264 0.4500000234693289 0.14843750221189111 0.22083334485068917
1 0.20234375301515684 0.12500000651925802 0.14843750221189111 0.22083334485068917
1 0.05703125084983185 0.6281250327592716 0.11093750165309757 0.26875001401640475
1 0.9164062636555173 0.45520835707429796 0.1578125023515895 0.24375001271255314
1 0.5687500084750354 0.7000000365078449 0.13437500200234354 0.19583334354683757
1 0.15937500237487257 0.9177083811955526 0.1750000026077032 0.16458334191702306
2 0.76484376139706 0.7885417077923194 0.36093750537838787 0.42291668872348964
