2 0.1773437526426278 0.677083368645981 0.28281250421423465 0.40000002086162567
2 0.5851562587195076 0.7531250392785296 0.42343750630971044 0.4520833569113165
1 0.34062500507570803 0.5656250294996426 0.15937500237487257 0.2479166795965284
1 0.1867187527823262 0.3968750206986442 0.1578125023515895 0.21875001140870154
1 0.13203125196741894 0.2656250138534233 0.12968750193249434 0.18125000945292413
1 0.49453125736908987 0.43645835609640926 0.12968750193249434 0.18125000945292413
1 0.5507812582072802 0.4635416908422485 0.12968750193249434 0.18125000945292413
1 0.48203125718282536 0.2343750122236088 0.12968750193249434 0.18125000945292413
1 0.5445312581141479 0.2468750128755346 0.12968750193249434 0.18125000945292413
1 0.594531258859206 0.25729168008547276 0.12968750193249434 0.18125000945292413
1 0.7859375117113814 0.07187500374857336 0.14687500218860805 0.13958334061317146
1 0.5804687586496584 0.07291667046956718 0.1796875026775524 0.1416666740551591
1 0.3984375059371814 0.04583333572372794 0.17187500256113708 0.08750000456348062
1 0.09062500135041773 0.08333333767950535 0.1312500019557774 0.16250000847503543
1 0.7375000109896064 0.27604168106336147 0.2062500030733645 0.21875001140870154
1 0.9375000139698386 0.6052083648974076 0.12500000186264515 0.22708334517665207
1 0.9460937640978955 0.4520833569113165 0.10781250160653144 0.1791666760109365
1 0.9421875140396878 0.24583334615454078 0.11562500172294676 0.17500000912696123
