1 0.5039062575087883 0.10937500570435077 0.17031250253785402 0.1979166769888252
1 0.8320312623982318 0.30520834925118834 0.17031250253785402 0.1979166769888252
1 0.2664062539697625 0.9010417136596516 0.17031250253785402 0.1979166769888252
1 0.5843750087078661 0.35625001857988536 0.20312500302679837 0.2291666786186397
1 0.6804687601397745 0.21875001140870154 0.1671875024912879 0.18333334289491177
1 0.6414062595576979 0.0927083381684497 0.17656250263098627 0.18125000945292413
1 0.36015625536674634 0.25729168008547276 0.17031250253785402 0.1979166769888252
1 0.33671875501750037 0.38125001988373697 0.16093750239815563 0.23333334550261497
1 0.7656250114087015 0.7343750383006409 0.1843750027474016 0.23958334582857788
1 0.7335937609313987 0.927083381684497 0.17031250253785402 0.14583334093913436
1 0.5679687584633939 0.9197917146375403 0.19843750295694917 0.1604166750330478
1 0.9437500140629709 0.45520835707429796 0.11250000167638063 0.210416677640751
1 0.133593751990702 0.8062500420492142 0.14218750211875886 0.19583334354683757
1 0.1773437526426278 0.45416669035330415 0.16093750239815563 0.2791666812263429
0 0.4343750064726919 0.8625000449828804 0.05312500079162419 0.08333333767950535
2 0.5429687580908649 0.6333333663642406 0.32656250486616045 0.40000002086162567
