1 0.23125000344589353 0.08333333767950535 0.2062500030733645 0.16250000847503543
1 0.5625000083819032 0.3833333533257246 0.13750000204890966 0.22500001173466444
1 0.5101562576019205 0.6093750317813829 0.14218750211875886 0.19375001010484993
1 0.6882812602561899 0.10416667209938169 0.14218750211875886 0.1916666766628623
1 0.7140625106403604 0.8375000436790287 0.15000000223517418 0.1916666766628623
1 0.9367187639581971 0.43020835577044636 0.1265625018859282 0.19375001010484993
1 0.8820312631432898 0.15104167454410344 0.1265625018859282 0.19375001010484993
1 0.8359375124564394 0.9083333807066083 0.1406250020954758 0.17083334224298596
1 0.1406250020954758 0.7322917048586532 0.13750000204890966 0.2354166789446026
1 0.22265625331783667 0.3135416830191389 0.14843750221189111 0.21458334452472627
1 0.36015625536674634 0.26770834729541093 0.14218750211875886 0.17708334256894886
1 0.24140625359723344 0.5156250268919393 0.17656250263098627 0.21458334452472627
1 0.35859375534346327 0.6531250340631232 0.13281250197906047 0.19375001010484993
1 0.39921875594882295 0.7625000397674739 0.14218750211875886 0.18750000977888703
1 0.2882812542957254 0.825000043027103 0.1671875024912879 0.20833334419876337
2 0.7210937607451342 0.5364583613118157 0.27343750407453626 0.31875001662410796
0 0.4195312562515028 0.8885417130077258 0.06093750090803951 0.08541667112149298
