2 0.34609375515719876 0.28645834827329963 0.19843750295694917 0.2520833464805037
1 0.45000000670552254 0.6802083688089624 0.17187500256113708 0.21875001140870154
1 0.5359375079860911 0.2468750128755346 0.17187500256113708 0.21875001140870154
1 0.6265625093365088 0.6208333657123148 0.1406250020954758 0.19583334354683757
1 0.7812500116415322 0.7125000371597707 0.1406250020954758 0.19583334354683757
1 0.7250000108033419 0.7479167056735605 0.1406250020954758 0.19583334354683757
1 0.6164062591851689 0.8739583789138123 0.19531250291038305 0.22708334517665207
1 0.38750000577419996 0.5520833621267229 0.1531250022817403 0.18333334289491177
1 0.2351562535041012 0.7916667079553008 0.2015625030035153 0.23750001238659024
1 0.16406250244472176 0.09687500505242497 0.17187500256113708 0.18958334322087467
1 0.3492187552037649 0.11666667275130749 0.15468750230502337 0.1666666753590107
1 0.7210937607451342 0.09375000488944352 0.17343750258442014 0.18333334289491177
1 0.8945312633295543 0.3760416862787679 0.17343750258442014 0.1854166763368994
1 0.9007812634226866 0.5031250262400135 0.17343750258442014 0.1854166763368994
1 0.9265625138068572 0.6177083655493334 0.14687500218860805 0.20208334387280047
1 0.7984375118976459 0.31145834957715124 0.14687500218860805 0.20208334387280047
1 0.7156250106636435 0.23645834566559643 0.14687500218860805 0.20208334387280047
1 0.7312500108964741 0.38020835316274315 0.14687500218860805 0.20208334387280047
1 0.7312500108964741 0.4333333559334278 0.1625000024214387 0.20833334419876337
1 0.6921875103143975 0.4375000228174031 0.1625000024214387 0.20833334419876337
1 0.6281250093597919 0.483333358541131 0.1625000024214387 0.20833334419876337
1 0.17343750258442014 0.6041666981764138 0.19062500284053385 0.2166666779667139
1 0.8078125120373443 0.9250000482425094 0.1968750029336661 0.15000000782310963
1 0.0703125010477379 0.8812500459607691 0.13750000204890966 0.23750001238659024
0 0.1890625028172508 0.2666666805744171 0.059375000884756446 0.09583333833143115
