1 0.16796875250292942 0.6739583684829995 0.1671875024912879 0.25625001336447895
1 0.5179687577183358 0.23020834533963352 0.1671875024912879 0.25625001336447895
1 0.3375000050291419 0.4343750226544216 0.20937500311993062 0.20625001075677574
1 0.788281261746306 0.5520833621267229 0.15156250225845724 0.20833334419876337
1 0.8695312629570253 0.4145833549555391 0.15156250225845724 0.20833334419876337
1 0.7640625113854185 0.17083334224298596 0.15937500237487257 0.2708333474583924
1 0.08906250132713467 0.2781250145053491 0.1750000026077032 0.2604166802484542
1 0.18125000270083547 0.0989583384944126 0.1625000024214387 0.19375001010484993
1 0.9242187637719326 0.23958334582857788 0.15156250225845724 0.20833334419876337
1 0.9242187637719326 0.6479167004581541 0.15156250225845724 0.22083334485068917
2 0.49375000735744834 0.7437500387895852 0.3562500053085387 0.5041666929610074
0 0.2914062543422915 0.7770833738613874 0.06093750090803951 0.07500000391155481
0 0.1382812520605512 0.41770835511852056 0.08281250123400241 0.09791667177341878
