1 0.559375008335337 0.5864583639195189 0.15937500237487257 0.19375001010484993
1 0.6031250089872628 0.37500001955777407 0.1750000026077032 0.19583334354683757
1 0.3859375057509169 0.4270833556074649 0.17187500256113708 0.2291666786186397
1 0.48437500721774995 0.09791667177341878 0.1750000026077032 0.1916666766628623
1 0.15000000223517418 0.13333334028720856 0.13750000204890966 0.20000001043081284
1 0.12734375189756975 0.6218750324333087 0.17031250253785402 0.18958334322087467
1 0.6070312590454705 0.2156250112457201 0.17031250253785402 0.18958334322087467
1 0.47734375711297616 0.7656250399304554 0.1671875024912879 0.210416677640751
1 0.38515625573927537 0.6843750356929377 0.14531250216532499 0.2604166802484542
1 0.8335937624215148 0.4197916885605082 0.17656250263098627 0.15208334126509726
1 0.776562511571683 0.346875018090941 0.16562500246800482 0.15625000814907253
2 0.739843761024531 0.8854167128447443 0.22968750342261046 0.2291666786186397
