1 0.055468750826548785 0.68229170225095 0.10781250160653144 0.21458334452472627
1 0.38437500572763383 0.8468750441679731 0.20000000298023224 0.21458334452472627
1 0.23437500349245965 0.5718750298256055 0.1531250022817403 0.21875001140870154
1 0.886718763213139 0.4895833588670939 0.16406250244472176 0.2416666792705655
1 0.6335937594412826 0.9187500479165465 0.14843750221189111 0.16250000847503543
1 0.19531250291038305 0.915625047753565 0.16875000251457095 0.16875000880099833
1 0.07265625108266249 0.10833333898335695 0.14218750211875886 0.21250001108273864
1 0.7140625106403604 0.5052083596820012 0.1625000024214387 0.21458334452472627
1 0.3953125058906153 0.6166666988283396 0.20000000298023224 0.22500001173466444
1 0.5617187583702616 0.7614583730464801 0.18281250272411853 0.21458334452472627
1 0.21484375320142135 0.4156250216765329 0.12343750183936208 0.15208334126509726
2 0.5023437574855052 0.33645835088100284 0.36093750537838787 0.46041669067926705
