2 0.6101562590920366 0.13437500700820237 0.25156250374857336 0.2645833471324295
1 0.21953125327127054 0.30729168269317597 0.16093750239815563 0.24375001271255314
1 0.49453125736908987 0.3593750187428668 0.16093750239815563 0.24375001271255314
1 0.389062505797483 0.5145833601709455 0.14375000214204192 0.295833348762244
1 0.24453125364379957 0.5218750272179022 0.14843750221189111 0.23125001206062734
1 0.6851562602096237 0.3593750187428668 0.14843750221189111 0.23125001206062734
1 0.6617187598603778 0.6364583665272221 0.14843750221189111 0.23125001206062734
1 0.5726562585332431 0.8687500453088433 0.16406250244472176 0.25000001303851604
1 0.13046875194413587 0.767708373372443 0.18281250272411853 0.2479166795965284
1 0.8601562628173269 0.10208333865739405 0.1671875024912879 0.20000001043081284
1 0.9515625141793862 0.4083333546295762 0.09687500144354999 0.2166666779667139
1 0.9453125140862539 0.6687500348780304 0.1093750016298145 0.28750001499429345
1 0.8453125125961378 0.7833333741873503 0.14687500218860805 0.21250001108273864
1 0.7156250106636435 0.8239583763061091 0.1843750027474016 0.25625001336447895
1 0.09531250142026693 0.6020833647344261 0.1312500019557774 0.2291666786186397
1 0.836718762468081 0.5302083609858528 0.16093750239815563 0.24375001271255314
