1 0.3015625044936314 0.8145833758171648 0.1531250022817403 0.18750000977888703
1 0.06484375096624717 0.2416666792705655 0.1265625018859282 0.18333334289491177
1 0.24218750360887498 0.06875000358559191 0.15000000223517418 0.13333334028720856
1 0.39921875594882295 0.09062500472646207 0.17343750258442014 0.17708334256894886
1 0.19765625294530764 0.25000001303851604 0.17343750258442014 0.1791666760109365
1 0.1265625018859282 0.6333333663642406 0.14375000214204192 0.2166666779667139
1 0.1726562525727786 0.7093750369967893 0.11093750165309757 0.18958334322087467
1 0.12343750183936208 0.8406250438420102 0.15625000232830644 0.2229166782926768
1 0.40468750603031367 0.33645835088100284 0.15625000232830644 0.2229166782926768
1 0.8109375120839104 0.36666668578982353 0.1312500019557774 0.17500000912696123
2 0.5296875078929588 0.6375000332482159 0.30937500461004674 0.36250001890584826
