2 0.1796875026775524 0.568750029662624 0.35312500526197255 0.358333352021873
1 0.6437500095926225 0.4020833543036133 0.1968750029336661 0.19583334354683757
1 0.6718750100117177 0.54583336180076 0.16562500246800482 0.2166666779667139
1 0.7093750105705112 0.7312500381376594 0.16562500246800482 0.2166666779667139
1 0.532812507939525 0.6958333696238697 0.1406250020954758 0.22083334485068917
1 0.46484375692671165 0.7812500407453626 0.14531250216532499 0.2666666805744171
1 0.3375000050291419 0.7354167050216347 0.15000000223517418 0.2041666773147881
1 0.10859375161817297 0.8010417084442452 0.17343750258442014 0.20625001075677574
1 0.29453125438885763 0.9083333807066083 0.19531250291038305 0.1791666760109365
1 0.5789062586263753 0.8885417130077258 0.12968750193249434 0.210416677640751
1 0.8914062632829882 0.8447917107259855 0.16093750239815563 0.20625001075677574
1 0.8242187622818165 0.6385416999692097 0.16093750239815563 0.20625001075677574
1 0.8445312625844963 0.5052083596820012 0.16093750239815563 0.20625001075677574
1 0.9406250140164047 0.5833333637565374 0.11875000176951289 0.20000001043081284
0 0.6875000102445483 0.8781250457977876 0.07187500107102096 0.07708333735354245
0 0.5843750087078661 0.1302083401242271 0.07187500107102096 0.07708333735354245
1 0.40859375608852133 0.13229167356621474 0.12968750193249434 0.18125000945292413
1 0.8593750128056854 0.2979166822042316 0.17187500256113708 0.2541666799224913
1 0.5312500079162419 0.9489583828253672 0.12812500190921128 0.10208333865739405
