1 0.7773437615833245 0.6625000345520675 0.14531250216532499 0.19583334354683757
1 0.7804687616298907 0.8062500420492142 0.14531250216532499 0.19583334354683757
1 0.3960937559022568 0.8843750461237505 0.15156250225845724 0.23125001206062734
1 0.497656257415656 0.7802083740243688 0.15156250225845724 0.23125001206062734
1 0.31953125476138666 0.4708333578892052 0.1265625018859282 0.22083334485068917
1 0.4023437559953891 0.2406250125495717 0.16093750239815563 0.2645833471324295
1 0.1726562525727786 0.3822916866047308 0.15468750230502337 0.21875001140870154
1 0.933593763911631 0.4645833575632423 0.13281250197906047 0.21250001108273864
1 0.14140625210711733 0.7354167050216347 0.1671875024912879 0.20833334419876337
1 0.8687500129453838 0.2229166782926768 0.16875000251457095 0.20833334419876337
1 0.679687510128133 0.10833333898335695 0.16875000251457095 0.20833334419876337
1 0.23125000344589353 0.14375000749714673 0.1406250020954758 0.18333334289491177
1 0.0703125010477379 0.15833334159106016 0.13750000204890966 0.18333334289491177
1 0.4679687569732778 0.608333365060389 0.16406250244472176 0.18333334289491177
1 0.0632812509429641 0.39166668709367514 0.12343750183936208 0.20833334419876337
1 0.22500000335276127 0.5697916963836178 0.11875000176951289 0.18958334322087467
2 0.6421875095693395 0.39270835381466895 0.4468750066589564 0.4062500211875886
