1 0.3664062554598786 0.5166666936129332 0.20468750305008143 0.28750001499429345
1 0.7367187609779648 0.8218750428641215 0.15156250225845724 0.24375001271255314
1 0.9070312635158189 0.8677083785878494 0.15156250225845724 0.24375001271255314
1 0.6257812593248673 0.18125000945292413 0.14843750221189111 0.20000001043081284
1 0.6218750092666596 0.3843750200467184 0.16562500246800482 0.2520833464805037
1 0.5656250084284693 0.6114583652233705 0.16562500246800482 0.2520833464805037
1 0.9148437636322342 0.43645835609640926 0.1671875024912879 0.24375001271255314
1 0.8187500122003257 0.26354168041143566 0.21562500321306288 0.23958334582857788
1 0.1093750016298145 0.5250000273808837 0.2062500030733645 0.2666666805744171
1 0.25156250374857336 0.284375014831312 0.1843750027474016 0.2479166795965284
2 0.35859375534346327 0.8125000423751771 0.3296875049127266 0.37500001955777407
0 0.9492187641444616 0.3135416830191389 0.05781250086147338 0.06875000358559191
