1 0.7976562618860044 0.2718750141793862 0.14843750221189111 0.23958334582857788
1 0.5304687579046004 0.27604168106336147 0.14843750221189111 0.23958334582857788
1 0.4156250061932951 0.13125000684522092 0.20000000298023224 0.2166666779667139
1 0.2578125038417056 0.13125000684522092 0.15625000232830644 0.18750000977888703
1 0.1890625028172508 0.3041666825301945 0.15625000232830644 0.18750000977888703
1 0.33125000493600965 0.3208333500660956 0.15625000232830644 0.18750000977888703
1 0.24609375366708264 0.5020833595190197 0.16093750239815563 0.2166666779667139
1 0.32890625490108505 0.8333333767950535 0.16093750239815563 0.2166666779667139
1 0.400781255972106 0.5145833601709455 0.16093750239815563 0.2166666779667139
1 0.7234375107800588 0.8833333794027567 0.2500000037252903 0.20000001043081284
2 0.6710937600000761 0.5760416967095807 0.2984375044470653 0.44791669002734125
