1 0.3015625044936314 0.3208333500660956 0.15625000232830644 0.24583334615454078
1 0.3421875050989911 0.5187500270549208 0.14375000214204192 0.2291666786186397
1 0.18515625275904313 0.1291666734032333 0.14843750221189111 0.21250001108273864
1 0.7476562611409463 0.1729166756849736 0.14843750221189111 0.21250001108273864
1 0.8398437625146471 0.1729166756849736 0.14843750221189111 0.21250001108273864
1 0.7617187613504939 0.4062500211875886 0.14843750221189111 0.21250001108273864
1 0.8976562633761205 0.44166668970137835 0.14843750221189111 0.21250001108273864
1 0.7351562609546818 0.6250000325962901 0.1671875024912879 0.22500001173466444
1 0.6742187600466423 0.7416667053475976 0.1671875024912879 0.22500001173466444
1 0.1429687521304004 0.5375000280328095 0.14218750211875886 0.21250001108273864
1 0.17109375254949555 0.8604167115408927 0.17343750258442014 0.22083334485068917
1 0.8796875131083652 0.7770833738613874 0.15937500237487257 0.1916666766628623
2 0.49687500740401447 0.2718750141793862 0.3031250045169145 0.39375002053566277
0 0.5726562585332431 0.693750036181882 0.048437500721774995 0.06666667014360428
0 0.08515625126892701 0.3843750200467184 0.05468750081490725 0.07708333735354245
