1 0.7562500112690032 0.1489583411021158 0.14687500218860805 0.17708334256894886
1 0.5179687577183358 0.221875011571683 0.16406250244472176 0.20208334387280047
1 0.2890625043073669 0.28645834827329963 0.1625000024214387 0.1729166756849736
1 0.09765625145519152 0.26979168073739856 0.12343750183936208 0.2604166802484542
1 0.8523437627009116 0.4395833562593907 0.1796875026775524 0.2666666805744171
1 0.5367187579977326 0.43020835577044636 0.16406250244472176 0.20208334387280047
1 0.4250000063329935 0.4385416895383969 0.14375000214204192 0.20208334387280047
1 0.5054687575320713 0.767708373372443 0.16406250244472176 0.20208334387280047
1 0.5882812587660737 0.6416667001321912 0.1796875026775524 0.20833334419876337
1 0.691406260302756 0.5479166952427477 0.1796875026775524 0.20833334419876337
1 0.8726562630035914 0.7312500381376594 0.1796875026775524 0.20833334419876337
1 0.25859375385334715 0.4572916905162856 0.15156250225845724 0.18958334322087467
1 0.18984375282889232 0.47812502493616194 0.15156250225845724 0.18958334322087467
1 0.255468753806781 0.6677083681570366 0.18281250272411853 0.1979166769888252
1 0.3835937557159923 0.8656250451458618 0.18281250272411853 0.1979166769888252
1 0.36093750537838787 0.10104167193640023 0.22500000335276127 0.1979166769888252
1 0.7250000108033419 0.7427083720685914 0.14687500218860805 0.17708334256894886
1 0.704687510500662 0.8489583776099607 0.14687500218860805 0.17708334256894886
2 0.18828125280560926 0.9000000469386578 0.3078125045867637 0.20000001043081284
