1 0.4343750064726919 0.6500000339001417 0.15937500237487257 0.19583334354683757
1 0.16171875240979716 0.5385416947538033 0.17343750258442014 0.1979166769888252
1 0.3179687547381036 0.46770835772622377 0.2109375031432137 0.23958334582857788
1 0.6937500103376806 0.6885417025769129 0.1750000026077032 0.23125001206062734
1 0.8570312627707608 0.7010417032288387 0.1796875026775524 0.210416677640751
1 0.6171875091968104 0.2916666818782687 0.16562500246800482 0.20000001043081284
1 0.7500000111758709 0.26250001369044185 0.16562500246800482 0.20000001043081284
1 0.7468750111293048 0.45416669035330415 0.16562500246800482 0.20000001043081284
1 0.27500000409781933 0.26250001369044185 0.16562500246800482 0.20000001043081284
1 0.1312500019557774 0.23645834566559643 0.16875000251457095 0.21875001140870154
1 0.933593763911631 0.1666666753590107 0.13281250197906047 0.2041666773147881
1 0.4632812569034286 0.8968750467756763 0.15468750230502337 0.1854166763368994
2 0.46953125699656084 0.1291666734032333 0.33593750500585884 0.2541666799224913
0 0.05000000074505806 0.15104167454410344 0.05312500079162419 0.08125000423751771
0 0.7914062617928721 0.8802083792397752 0.06093750090803951 0.06875000358559191
