1 0.6703125099884346 0.21458334452472627 0.20312500302679837 0.2583333468064666
1 0.8718750129919499 0.4333333559334278 0.20312500302679837 0.2583333468064666
1 0.5289062578813173 0.5125000267289579 0.17031250253785402 0.18333334289491177
1 0.49453125736908987 0.1114583391463384 0.17656250263098627 0.15208334126509726
1 0.19843750295694917 0.5104166932869703 0.13750000204890966 0.16250000847503543
1 0.24843750370200723 0.22604167845565826 0.15937500237487257 0.17708334256894886
1 0.4023437559953891 0.8812500459607691 0.1359375020256266 0.21250001108273864
1 0.28515625424915925 0.6927083694608882 0.1359375020256266 0.18958334322087467
1 0.2578125038417056 0.8947917133336887 0.15937500237487257 0.18125000945292413
1 0.08046875119907781 0.2770833477843553 0.1578125023515895 0.20833334419876337
2 0.5750000085681677 0.7687500400934368 0.3125000046566129 0.358333352021873
0 0.41093750612344593 0.15312500798609108 0.04687500069849193 0.06041666981764138
0 0.7585937613039277 0.13958334061317146 0.05468750081490725 0.07500000391155481
