1 0.2601562538766302 0.39791668741963804 0.17031250253785402 0.21250001108273864
1 0.1992187529685907 0.20104167715180665 0.15156250225845724 0.21458334452472627
1 0.08828125131549314 0.6458333670161664 0.17343750258442014 0.23333334550261497
1 0.2601562538766302 0.8322917100740597 0.17343750258442014 0.22708334517665207
1 0.2796875041676685 0.6468750337371603 0.1843750027474016 0.21875001140870154
1 0.4539062567637302 0.2479166795965284 0.18281250272411853 0.2791666812263429
1 0.7375000109896064 0.36145835218485445 0.1843750027474016 0.21875001140870154
1 0.9132812636089511 0.6645833679940552 0.17343750258442014 0.22500001173466444
1 0.09921875147847459 0.1052083388203755 0.19531250291038305 0.20625001075677574
1 0.8898437632597052 0.28125001466833055 0.14843750221189111 0.2583333468064666
2 0.5367187579977326 0.5614583626156673 0.3984375059371814 0.4895833588670939
