1 0.7835937616764568 0.830208376632072 0.19218750286381692 0.21458334452472627
1 0.5171875077066943 0.45520835707429796 0.17812500265426934 0.16458334191702306
1 0.6101562590920366 0.6531250340631232 0.1578125023515895 0.21875001140870154
1 0.6593750098254532 0.3260416836710647 0.18125000270083547 0.2229166782926768
1 0.6804687601397745 0.09583333833143115 0.1796875026775524 0.18750000977888703
1 0.14375000214204192 0.8864583795657381 0.18750000279396772 0.22708334517665207
1 0.0875000013038516 0.6729167017620057 0.15625000232830644 0.19583334354683757
1 0.10625000158324838 0.18958334322087467 0.19375000288709998 0.20833334419876337
1 0.23828125355066732 0.07604167063254863 0.17031250253785402 0.147916674381122
1 0.40859375608852133 0.07604167063254863 0.17031250253785402 0.147916674381122
1 0.8687500129453838 0.2656250138534233 0.16562500246800482 0.21875001140870154
1 0.5796875086380169 0.7364583717426285 0.16562500246800482 0.21875001140870154
1 0.3468750051688403 0.8072917087702081 0.15937500237487257 0.17708334256894886
1 0.3804687556694262 0.22500001173466444 0.19531250291038305 0.2541666799224913
1 0.9375000139698386 0.3822916866047308 0.12500000186264515 0.20208334387280047
1 0.07656250114087015 0.3760416862787679 0.15000000223517418 0.19375001010484993
0 0.4757812570896931 0.8666667118668556 0.08593750128056854 0.10000000521540642
0 0.8710937629803084 0.5229166939388961 0.09843750146683306 0.13333334028720856
2 0.2500000037252903 0.5166666936129332 0.3281250048894435 0.4125000215135515
