1 0.16640625247964635 0.8166667092591524 0.17031250253785402 0.25000001303851604
1 0.38671875576255843 0.7614583730464801 0.2234375033294782 0.210416677640751
1 0.14531250216532499 0.21250001108273864 0.1843750027474016 0.22500001173466444
1 0.5921875088242814 0.20000001043081284 0.1843750027474016 0.22500001173466444
1 0.41171875613508746 0.2979166822042316 0.18593750277068466 0.25000001303851604
1 0.9148437636322342 0.5114583600079641 0.15468750230502337 0.20625001075677574
1 0.21015625313157216 0.4708333578892052 0.16093750239815563 0.2166666779667139
1 0.2546875037951395 0.3885416869306937 0.1312500019557774 0.17708334256894886
1 0.38437500572763383 0.5333333611488342 0.17812500265426934 0.18750000977888703
1 0.2992187544587068 0.12500000651925802 0.13906250207219273 0.1916666766628623
1 0.8718750129919499 0.2531250132014975 0.17812500265426934 0.20208334387280047
1 0.0632812509429641 0.41666668839752674 0.12343750183936208 0.24583334615454078
1 0.8054687620024197 0.4333333559334278 0.09531250142026693 0.13333334028720856
2 0.6093750090803951 0.6531250340631232 0.4000000059604645 0.5104166932869703
