1 0.6992187604191713 0.22500001173466444 0.17031250253785402 0.22500001173466444
1 0.6984375104075298 0.8208333761431277 0.14687500218860805 0.18333334289491177
1 0.22656250337604433 0.5979166978504509 0.20000000298023224 0.20000001043081284
1 0.5968750088941306 0.6520833673421293 0.1625000024214387 0.2291666786186397
1 0.08203125122236088 0.7812500407453626 0.16093750239815563 0.20833334419876337
1 0.42656250635627657 0.6000000312924385 0.15625000232830644 0.18333334289491177
1 0.3734375055646524 0.47291669133119285 0.18750000279396772 0.1791666760109365
1 0.2578125038417056 0.19062500994186848 0.17187500256113708 0.2479166795965284
1 0.8898437632597052 0.8895833797287196 0.13906250207219273 0.22083334485068917
0 0.29453125438885763 0.9052083805436268 0.08593750128056854 0.14375000749714673
0 0.15937500237487257 0.4635416908422485 0.06250000093132257 0.08541667112149298
2 0.48437500721774995 0.8604167115408927 0.21562500321306288 0.2666666805744171
