1 0.07421875110594556 0.6281250327592716 0.13281250197906047 0.21875001140870154
1 0.41640625620493665 0.13125000684522092 0.17656250263098627 0.2291666786186397
1 0.3234375048195943 0.705208370112814 0.1531250022817403 0.23125001206062734
1 0.1945312528987415 0.915625047753565 0.12968750193249434 0.16875000880099833
1 0.9132812636089511 0.13437500700820237 0.1578125023515895 0.21458334452472627
1 0.7093750105705112 0.26875001401640475 0.1406250020954758 0.18333334289491177
1 0.47421875706641003 0.5729166965465993 0.17656250263098627 0.20833334419876337
1 0.5070312575553544 0.7145833706017584 0.17656250263098627 0.20833334419876337
1 0.21562500321306288 0.49166669230908155 0.16875000251457095 0.23750001238659024
1 0.32656250486616045 0.4458333565853536 0.16875000251457095 0.23750001238659024
1 0.31718750472646207 0.11666667275130749 0.16562500246800482 0.2291666786186397
1 0.5984375089174137 0.825000043027103 0.15625000232830644 0.14583334093913436
1 0.07109375105937943 0.32500001695007086 0.13906250207219273 0.18333334289491177
2 0.7875000117346644 0.665625034715049 0.3781250056345016 0.4770833582151681
