1 0.28515625424915925 0.6739583684829995 0.1890625028172508 0.2229166782926768
1 0.09765625145519152 0.3781250197207555 0.1890625028172508 0.2229166782926768
1 0.46953125699656084 0.19270834338385612 0.1890625028172508 0.2229166782926768
1 0.6375000094994903 0.26875001401640475 0.16875000251457095 0.20833334419876337
1 0.7671875114319846 0.19375001010484993 0.16875000251457095 0.20833334419876337
1 0.8398437625146471 0.37291668611578643 0.1671875024912879 0.21250001108273864
1 0.2648437539464794 0.09791667177341878 0.16093750239815563 0.1916666766628623
1 0.4515625067288056 0.4375000228174031 0.18750000279396772 0.18750000977888703
1 0.9257812637952156 0.18437500961590558 0.14843750221189111 0.1979166769888252
1 0.5757812585798092 0.506250026402995 0.17343750258442014 0.19583334354683757
1 0.4078125060768798 0.5750000299885869 0.17187500256113708 0.22083334485068917
1 0.3570312553201802 0.8083333754912019 0.14843750221189111 0.20833334419876337
1 0.7921875118045136 0.5437500283587724 0.20937500311993062 0.1416666740551591
2 0.691406260302756 0.751041705836542 0.2453125036554411 0.2979166822042316
0 0.45234375674044713 0.8958333800546825 0.05781250086147338 0.07083333702757955
0 0.8726562630035914 0.7572917061625049 0.048437500721774995 0.06041666981764138
