1 0.22968750342261046 0.10625000554136932 0.19062500284053385 0.20833334419876337
1 0.2796875041676685 0.2718750141793862 0.1968750029336661 0.26875001401640475
1 0.38671875576255843 0.0802083375165239 0.19531250291038305 0.15625000814907253
1 0.8703125129686669 0.295833348762244 0.1531250022817403 0.20000001043081284
1 0.06406250095460564 0.7000000365078449 0.12187500181607902 0.21250001108273864
1 0.9421875140396878 0.790625041234307 0.11562500172294676 0.17708334256894886
2 0.7890625117579475 0.6135416986653581 0.2625000039115548 0.31875001662410796
1 0.4148437561816536 0.5166666936129332 0.15468750230502337 0.20000001043081284
1 0.45546875678701326 0.5041666929610074 0.15468750230502337 0.20000001043081284
1 0.5289062578813173 0.506250026402995 0.15468750230502337 0.20000001043081284
