1 0.7921875118045136 0.6187500322703272 0.1843750027474016 0.22083334485068917
1 0.4460937566473149 0.5468750285217538 0.14843750221189111 0.1979166769888252
1 0.0921875013737008 0.7145833706017584 0.13750000204890966 0.26250001369044185
1 0.46250000689178705 0.2468750128755346 0.17812500265426934 0.20208334387280047
1 0.8257812623050995 0.14479167421814054 0.19218750286381692 0.2354166789446026
1 0.728125010849908 0.38125001988373697 0.16875000251457095 0.22083334485068917
1 0.606250009033829 0.4072916879085824 0.1843750027474016 0.24375001271255314
1 0.6476562596508302 0.9010417136596516 0.18593750277068466 0.1979166769888252
1 0.6109375091036782 0.6437500335741788 0.15937500237487257 0.20833334419876337
1 0.3500000052154064 0.38645835348870605 0.15625000232830644 0.1979166769888252
1 0.22968750342261046 0.21979167812969536 0.1531250022817403 0.24375001271255314
1 0.22968750342261046 0.4510416901903227 0.1406250020954758 0.2520833464805037
1 0.3375000050291419 0.08125000423751771 0.17187500256113708 0.15833334159106016
2 0.3015625044936314 0.8083333754912019 0.3562500053085387 0.3833333533257246
0 0.8671875129221007 0.2520833464805037 0.059375000884756446 0.07916667079553008
0 0.8203125122236088 0.28645834827329963 0.05625000083819032 0.07291667046956718
