1 0.6000000089406967 0.2593750135274604 0.1406250020954758 0.1729166756849736
1 0.5132812576484866 0.17812500928994268 0.14218750211875886 0.18125000945292413
1 0.5218750077765435 0.4875000254251063 0.1531250022817403 0.22083334485068917
1 0.3687500054948032 0.5489583619637415 0.1531250022817403 0.19375001010484993
1 0.7132812606287189 0.46770835772622377 0.17343750258442014 0.22708334517665207
1 0.8632812628638931 0.5781250301515684 0.17656250263098627 0.24375001271255314
1 0.7640625113854185 0.6625000345520675 0.15937500237487257 0.23750001238659024
1 0.9078125135274604 0.32500001695007086 0.15937500237487257 0.23750001238659024
1 0.17656250263098627 0.5708333631046116 0.15937500237487257 0.23750001238659024
1 0.06093750090803951 0.4375000228174031 0.11875000176951289 0.23333334550261497
1 0.3375000050291419 0.3229166835080832 0.1750000026077032 0.23333334550261497
1 0.619531259231735 0.061458336538635194 0.16406250244472176 0.11875000619329512
1 0.788281261746306 0.061458336538635194 0.16406250244472176 0.11875000619329512
1 0.36015625536674634 0.9468750493833795 0.14218750211875886 0.10625000554136932
2 0.5335937579511665 0.7750000404193997 0.29531250440049917 0.3208333500660956
0 0.020312500302679837 0.12812500668223947 0.037500000558793545 0.08541667112149298
