1 0.11796875175787136 0.2416666792705655 0.1796875026775524 0.20000001043081284
1 0.1164062517345883 0.4447916898643598 0.17031250253785402 0.18958334322087467
1 0.23437500349245965 0.6333333663642406 0.17187500256113708 0.21250001108273864
1 0.1265625018859282 0.7812500407453626 0.17812500265426934 0.20000001043081284
1 0.32421875483123586 0.8166667092591524 0.17656250263098627 0.17500000912696123
1 0.4687500069849193 0.81875004270114 0.18125000270083547 0.19583334354683757
1 0.6484375096624717 0.8395833771210164 0.16562500246800482 0.2291666786186397
1 0.7695312614669092 0.8218750428641215 0.1578125023515895 0.1729166756849736
1 0.7843750116880983 0.6250000325962901 0.15625000232830644 0.22500001173466444
1 0.8679687629337423 0.5239583606598899 0.19218750286381692 0.1604166750330478
1 0.8359375124564394 0.34895835153292865 0.19375000288709998 0.16875000880099833
1 0.5906250088009983 0.1979166769888252 0.17187500256113708 0.20000001043081284
1 0.8437500125728548 0.12291667307727039 0.17812500265426934 0.2416666792705655
1 0.36484375543659553 0.31145834957715124 0.1890625028172508 0.2770833477843553
2 0.5507812582072802 0.49062502558808774 0.3515625052386895 0.4562500237952918
