1 0.4460937566473149 0.591666697524488 0.17656250263098627 0.1916666766628623
1 0.3281250048894435 0.4197916885605082 0.18125000270083547 0.23125001206062734
1 0.3250000048428774 0.4156250216765329 0.18125000270083547 0.23125001206062734
1 0.1945312528987415 0.517708360333927 0.17031250253785402 0.21458334452472627
1 0.08593750128056854 0.0864583378424868 0.15000000223517418 0.16875000880099833
1 0.8140625121304765 0.1552083414280787 0.1625000024214387 0.19375001010484993
1 0.8515625126892701 0.3895833536516875 0.15937500237487257 0.20833334419876337
1 0.10781250160653144 0.7291667046956718 0.1312500019557774 0.18750000977888703
1 0.1359375020256266 0.31250001629814506 0.1312500019557774 0.18750000977888703
1 0.11562500172294676 0.49166669230908155 0.1312500019557774 0.18750000977888703
1 0.5812500086612999 0.6552083675051108 0.10312500153668225 0.21875001140870154
1 0.6468750096391886 0.21354167780373245 0.14375000214204192 0.18125000945292413
1 0.7273437608382665 0.38125001988373697 0.1578125023515895 0.1791666760109365
1 0.6164062591851689 0.9281250484054908 0.1578125023515895 0.13958334061317146
1 0.29531250440049917 0.6229166991543025 0.1406250020954758 0.2041666773147881
2 0.7718750115018338 0.6864583691349253 0.30000000447034836 0.42291668872348964
0 0.5101562576019205 0.8375000436790287 0.06406250095460564 0.07916667079553008
