1 0.5039062575087883 0.7260417045326903 0.14843750221189111 0.2479166795965284
1 0.6875000102445483 0.7145833706017584 0.15000000223517418 0.16250000847503543
1 0.10625000158324838 0.6281250327592716 0.17812500265426934 0.210416677640751
1 0.27500000409781933 0.7583333728834987 0.15000000223517418 0.23750001238659024
1 0.09843750146683306 0.8072917087702081 0.1750000026077032 0.22708334517665207
1 0.3351562549942173 0.3958333539776504 0.17343750258442014 0.22083334485068917
1 0.8765625130617991 0.6104166985023767 0.1843750027474016 0.21250001108273864
1 0.7195312607218511 0.8833333794027567 0.18593750277068466 0.1916666766628623
1 0.460937506868504 0.36145835218485445 0.16562500246800482 0.2520833464805037
1 0.07734375115251169 0.26875001401640475 0.15156250225845724 0.2041666773147881
1 0.0875000013038516 0.46041669067926705 0.17187500256113708 0.2166666779667139
1 0.2648437539464794 0.2041666773147881 0.18281250272411853 0.2041666773147881
1 0.692968760326039 0.1666666753590107 0.17343750258442014 0.1541666747070849
1 0.8554687627474777 0.18645834305789322 0.16093750239815563 0.2520833464805037
1 0.45234375674044713 0.9291667151264846 0.16406250244472176 0.1416666740551591
1 0.5445312581141479 0.08958333800546825 0.15156250225845724 0.17500000912696123
1 0.18125000270083547 0.08958333800546825 0.14687500218860805 0.17500000912696123
2 0.6609375098487362 0.4270833556074649 0.30937500461004674 0.4083333546295762
0 0.5804687586496584 0.8802083792397752 0.0703125010477379 0.11041667242534459
0 0.960156264307443 0.33645835088100284 0.07968750118743628 0.1354166737291962
