2 0.21015625313157216 0.6395833666902035 0.3234375048195943 0.4125000215135515
1 0.48906250728759915 0.7031250366708264 0.18125000270083547 0.22708334517665207
1 0.7203125107334927 0.7375000384636223 0.1750000026077032 0.27500001434236765
1 0.66796875995351 0.31250001629814506 0.18281250272411853 0.3041666825301945
1 0.22656250337604433 0.29895834892522544 0.17187500256113708 0.18958334322087467
1 0.4031250060070306 0.8552083779359236 0.17187500256113708 0.18958334322087467
1 0.5820312586729415 0.9125000475905836 0.17031250253785402 0.17500000912696123
1 0.9476562641211785 0.45937502395827323 0.10156250151339918 0.2520833464805037
1 0.8046875119907781 0.2406250125495717 0.1531250022817403 0.24375001271255314
1 0.9257812637952156 0.20000001043081284 0.14218750211875886 0.20000001043081284
1 0.8585937627940439 0.5614583626156673 0.15468750230502337 0.23125001206062734
1 0.37734375562286004 0.1354166737291962 0.1796875026775524 0.22083334485068917
1 0.25390625378349796 0.18125000945292413 0.1796875026775524 0.22083334485068917
1 0.7890625117579475 0.9208333813585341 0.15625000232830644 0.15833334159106016
1 0.5843750087078661 0.9166667144745588 0.15625000232830644 0.15833334159106016
