2 0.303906254528556 0.5895833640825003 0.27031250402797014 0.3708333526737988
0 0.18515625275904313 0.7177083707647398 0.06093750090803951 0.06458333670161664
0 0.26328125392319635 0.03229166835080832 0.06093750090803951 0.06041666981764138
0 0.6460937596275471 0.44687502330634743 0.06093750090803951 0.06458333670161664
1 0.11484375171130523 0.43541668937541544 0.17656250263098627 0.1916666766628623
1 0.08906250132713467 0.506250026402995 0.1750000026077032 0.1916666766628623
1 0.5320312579278834 0.39166668709367514 0.16093750239815563 0.1916666766628623
1 0.6117187591153197 0.2645833471324295 0.16093750239815563 0.1916666766628623
1 0.521093757764902 0.1541666747070849 0.18281250272411853 0.2166666779667139
1 0.7968750118743628 0.23125001206062734 0.21562500321306288 0.2166666779667139
1 0.8203125122236088 0.42291668872348964 0.16875000251457095 0.25000001303851604
1 0.9343750139232725 0.8739583789138123 0.12812500190921128 0.2520833464805037
1 0.7375000109896064 0.8895833797287196 0.2062500030733645 0.22083334485068917
1 0.5164062576950528 0.9052083805436268 0.18281250272411853 0.18958334322087467
1 0.6718750100117177 0.6229166991543025 0.1625000024214387 0.20833334419876337
1 0.0898437513387762 0.16562500863801688 0.13281250197906047 0.28125001466833055
