1 0.14453125215368345 0.8916667131707072 0.1796875026775524 0.21250001108273864
1 0.813281262118835 0.35416668513789773 0.1796875026775524 0.21250001108273864
1 0.5164062576950528 0.3385416843229905 0.10468750155996531 0.15208334126509726
1 0.15703125233994797 0.7000000365078449 0.1359375020256266 0.1791666760109365
1 0.12109375180443749 0.3041666825301945 0.1359375020256266 0.1791666760109365
1 0.5585937583236955 0.08958333800546825 0.1359375020256266 0.17500000912696123
1 0.6210937592550181 0.8937500466126949 0.1359375020256266 0.1791666760109365
2 0.5781250086147338 0.5968750311294571 0.31875000474974513 0.38125001988373697
0 0.2476562536903657 0.13854167389217764 0.051562500768341124 0.05625000293366611
1 0.34296875511063263 0.6781250353669748 0.19218750286381692 0.21875001140870154
