1 0.11562500172294676 0.12083333963528275 0.17187500256113708 0.23333334550261497
1 0.07812500116415322 0.4885416921461001 0.1531250022817403 0.24375001271255314
1 0.3671875054715201 0.2166666779667139 0.15000000223517418 0.20000001043081284
1 0.559375008335337 0.4760416914941743 0.18750000279396772 0.19375001010484993
1 0.7125000106170774 0.6156250321073458 0.18750000279396772 0.19375001010484993
1 0.9062500135041773 0.11562500603031367 0.18750000279396772 0.19375001010484993
1 0.13906250207219273 0.7322917048586532 0.18750000279396772 0.19375001010484993
1 0.9062500135041773 0.3416666844859719 0.18750000279396772 0.23750001238659024
1 0.23906250356230885 0.4500000234693289 0.13437500200234354 0.18333334289491177
2 0.49453125736908987 0.7572917061625049 0.3296875049127266 0.4812500250991434
