2 0.3179687547381036 0.5729166965465993 0.27031250402797014 0.35416668513789773
0 0.17187500256113708 0.4218750220024958 0.0656250009778887 0.07708333735354245
0 0.13437500200234354 0.46145835740026087 0.0656250009778887 0.07708333735354245
0 0.5507812582072802 0.03229166835080832 0.06093750090803951 0.06041666981764138
1 0.21953125327127054 0.8500000443309546 0.19218750286381692 0.21250001108273864
1 0.8710937629803084 0.11979167291428894 0.19531250291038305 0.2354166789446026
1 0.6476562596508302 0.8229167095851153 0.19218750286381692 0.2833333481103182
1 0.7921875118045136 0.7416667053475976 0.18125000270083547 0.1541666747070849
1 0.5421875080792233 0.3104166828561574 0.1750000026077032 0.18750000977888703
1 0.4171875062165782 0.2520833464805037 0.1750000026077032 0.18750000977888703
1 0.41093750612344593 0.8229167095851153 0.1750000026077032 0.18750000977888703
1 0.4875000072643161 0.7302083714166656 0.1843750027474016 0.21875001140870154
1 0.9257812637952156 0.8833333794027567 0.14531250216532499 0.23333334550261497
1 0.8585937627940439 0.5729166965465993 0.2109375031432137 0.2166666779667139
1 0.8765625130617991 0.42291668872348964 0.18125000270083547 0.1791666760109365
1 0.6734375100350007 0.39270835381466895 0.18125000270083547 0.19375001010484993
1 0.26796875399304554 0.3510416849749163 0.19843750295694917 0.1979166769888252
1 0.12421875185100362 0.221875011571683 0.19843750295694917 0.1979166769888252
