1 0.3734375055646524 0.6604167011100799 0.2062500030733645 0.1791666760109365
1 0.2718750040512532 0.8562500446569175 0.19375000288709998 0.2583333468064666
1 0.26562500395812094 0.2895833484362811 0.19375000288709998 0.2583333468064666
1 0.5648437584168278 0.31250001629814506 0.19218750286381692 0.23750001238659024
1 0.6468750096391886 0.10625000554136932 0.20000000298023224 0.20833334419876337
1 0.5421875080792233 0.5364583613118157 0.1750000026077032 0.2354166789446026
1 0.6031250089872628 0.7979167082812637 0.21562500321306288 0.2583333468064666
1 0.7828125116648152 0.2854166815523058 0.20937500311993062 0.20000001043081284
1 0.921875013737008 0.3343750174390152 0.15625000232830644 0.23958334582857788
1 0.230468753434252 0.07812500407453626 0.16406250244472176 0.15208334126509726
2 0.7734375115251169 0.5895833640825003 0.31875000474974513 0.4500000234693289
