1 0.8718750129919499 0.2531250132014975 0.15937500237487257 0.24375001271255314
1 0.7453125111060217 0.8989583802176639 0.15937500237487257 0.20208334387280047
1 0.3718750055413693 0.23750001238659024 0.1625000024214387 0.25000001303851604
1 0.2625000039115548 0.10937500570435077 0.18750000279396772 0.21458334452472627
1 0.0898437513387762 0.10104167193640023 0.17656250263098627 0.1979166769888252
1 0.5796875086380169 0.11041667242534459 0.17812500265426934 0.20000001043081284
1 0.17656250263098627 0.6458333670161664 0.1625000024214387 0.2041666773147881
1 0.22656250337604433 0.9093750474276021 0.14687500218860805 0.18125000945292413
0 0.8578125127824023 0.7864583743503317 0.07812500116415322 0.08541667112149298
0 0.352343755250331 0.6843750356929377 0.051562500768341124 0.07708333735354245
2 0.5531250082422048 0.40416668774560094 0.3500000052154064 0.4458333565853536
1 0.5335937579511665 0.8989583802176639 0.17031250253785402 0.20208334387280047
1 0.8882812632364221 0.915625047753565 0.16093750239815563 0.14375000749714673
