1 0.3742187555762939 0.3895833536516875 0.17031250253785402 0.2041666773147881
1 0.5117187576252036 0.4250000221654773 0.17031250253785402 0.2041666773147881
1 0.7570312612806447 0.5750000299885869 0.17031250253785402 0.2041666773147881
1 0.9007812634226866 0.420833355281502 0.17031250253785402 0.2041666773147881
1 0.5929687588359229 0.631250032922253 0.17031250253785402 0.2041666773147881
1 0.5445312581141479 0.7375000384636223 0.17031250253785402 0.2041666773147881
1 0.6273437593481503 0.1604166750330478 0.17031250253785402 0.2041666773147881
1 0.8023437619558536 0.2916666818782687 0.17031250253785402 0.2041666773147881
1 0.6007812589523382 0.8770833790767938 0.17031250253785402 0.2041666773147881
2 0.43125000642612576 0.12291667307727039 0.2062500030733645 0.23333334550261497
