1 0.7890625117579475 0.432291689212434 0.15000000223517418 0.18125000945292413
1 0.8492187626543455 0.6375000332482159 0.13281250197906047 0.18750000977888703
1 0.9453125140862539 0.7385417051846161 0.1093750016298145 0.21458334452472627
1 0.8210937622352503 0.8312500433530658 0.1671875024912879 0.1916666766628623
1 0.1406250020954758 0.7427083720685914 0.14375000214204192 0.19375001010484993
1 0.12734375189756975 0.9093750474276021 0.17656250263098627 0.17708334256894886
1 0.28515625424915925 0.6958333696238697 0.19218750286381692 0.25000001303851604
1 0.32890625490108505 0.40520835446659476 0.15156250225845724 0.22708334517665207
1 0.09140625136205927 0.09166667144745588 0.12343750183936208 0.1791666760109365
1 0.3179687547381036 0.1916666766628623 0.1578125023515895 0.18750000977888703
1 0.4296875064028427 0.9322917152894661 0.13437500200234354 0.1354166737291962
1 0.22421875334111974 0.2041666773147881 0.15156250225845724 0.25000001303851604
1 0.9484375141328201 0.529166694264859 0.10312500153668225 0.1916666766628623
1 0.42656250635627657 0.5552083622897044 0.15000000223517418 0.18125000945292413
2 0.5257812578347512 0.3208333500660956 0.37968750565778464 0.4750000247731805
