1 0.3492187552037649 0.2708333474583924 0.19531250291038305 0.2291666786186397
1 0.1773437526426278 0.2968750154832378 0.20468750305008143 0.26875001401640475
1 0.9007812634226866 0.4989583593560383 0.1890625028172508 0.2354166789446026
1 0.36250000540167093 0.8333333767950535 0.1843750027474016 0.2041666773147881
1 0.16562500246800482 0.8541667112149298 0.1843750027474016 0.2041666773147881
1 0.09296875138534233 0.12500000651925802 0.18281250272411853 0.2041666773147881
1 0.7960937618627213 0.147916674381122 0.22031250328291208 0.2541666799224913
1 0.5867187587427907 0.6104166985023767 0.1890625028172508 0.21250001108273864
1 0.8929687633062713 0.8854167128447443 0.16406250244472176 0.19583334354683757
2 0.617968759208452 0.33020835055503994 0.3203125047730282 0.42291668872348964
