0 0.8257812623050995 0.44166668970137835 0.0703125010477379 0.08333333767950535
2 0.43359375646105036 0.47291669133119285 0.24218750360887498 0.3166666831821203
1 0.3468750051688403 0.6958333696238697 0.2281250033993274 0.22083334485068917
1 0.2210937532945536 0.40937502135057 0.16093750239815563 0.21875001140870154
1 0.08046875119907781 0.23229167878162116 0.1578125023515895 0.21875001140870154
1 0.08046875119907781 0.13437500700820237 0.1578125023515895 0.21875001140870154
1 0.17656250263098627 0.06354166998062283 0.1531250022817403 0.12291667307727039
1 0.41093750612344593 0.21979167812969536 0.16875000251457095 0.13958334061317146
1 0.7085937605588697 0.6552083675051108 0.15468750230502337 0.23125001206062734
1 0.375781255599577 0.8843750461237505 0.15468750230502337 0.23125001206062734
1 0.13671875203726813 0.6281250327592716 0.15468750230502337 0.23125001206062734
1 0.7093750105705112 0.13958334061317146 0.18125000270083547 0.21250001108273864
1 0.9421875140396878 0.3083333494141698 0.11562500172294676 0.2166666779667139
1 0.9093750135507435 0.7437500387895852 0.18125000270083547 0.21250001108273864
1 0.9281250138301402 0.9166667144745588 0.14375000214204192 0.1666666753590107
1 0.6710937600000761 0.8427083772839978 0.15468750230502337 0.23125001206062734
1 0.7984375118976459 0.9312500485684723 0.13750000204890966 0.13750000717118382
