1 0.34609375515719876 0.506250026402995 0.15156250225845724 0.2041666773147881
1 0.6367187594878487 0.5479166952427477 0.15156250225845724 0.2041666773147881
1 0.7242187607917003 0.5812500303145498 0.15156250225845724 0.2041666773147881
1 0.6539062597439624 0.8166667092591524 0.17031250253785402 0.23333334550261497
1 0.46015625685686246 0.6687500348780304 0.17031250253785402 0.23333334550261497
1 0.3296875049127266 0.8677083785878494 0.1625000024214387 0.20208334387280047
1 0.17031250253785402 0.9208333813585341 0.1843750027474016 0.14583334093913436
1 0.29062500433064997 0.16875000880099833 0.1968750029336661 0.27500001434236765
1 0.07656250114087015 0.693750036181882 0.15000000223517418 0.2041666773147881
1 0.8757812630501576 0.4500000234693289 0.15156250225845724 0.2041666773147881
1 0.5718750085216016 0.9125000475905836 0.13750000204890966 0.17500000912696123
1 0.1625000024214387 0.568750029662624 0.1625000024214387 0.1791666760109365
1 0.09765625145519152 0.36145835218485445 0.1671875024912879 0.19375001010484993
1 0.133593751990702 0.07604167063254863 0.1671875024912879 0.147916674381122
2 0.4804687571595423 0.2916666818782687 0.26093750388827175 0.27500001434236765
