2 0.24921875371364877 0.5875000306405127 0.3671875054715201 0.4125000215135515
1 0.716406260675285 0.5750000299885869 0.1890625028172508 0.22500001173466444
1 0.8835937631665729 0.3270833503920585 0.1890625028172508 0.22500001173466444
1 0.654687509755604 0.7583333728834987 0.16562500246800482 0.2041666773147881
1 0.7953125118510798 0.7520833725575358 0.16562500246800482 0.2041666773147881
1 0.9015625134343281 0.6229166991543025 0.16562500246800482 0.2041666773147881
1 0.9171875136671588 0.8000000417232513 0.16562500246800482 0.2041666773147881
1 0.6343750094529241 0.1916666766628623 0.16562500246800482 0.2041666773147881
1 0.5765625085914508 0.1916666766628623 0.16562500246800482 0.2041666773147881
1 0.49687500740401447 0.1541666747070849 0.16562500246800482 0.2041666773147881
1 0.42812500637955964 0.13958334061317146 0.16562500246800482 0.2041666773147881
1 0.2578125038417056 0.08958333800546825 0.1750000026077032 0.17500000912696123
1 0.07578125112922862 0.48437502526212484 0.14843750221189111 0.2770833477843553
1 0.4906250073108822 0.9187500479165465 0.15937500237487257 0.16250000847503543
1 0.35781250533182174 0.9187500479165465 0.15937500237487257 0.16250000847503543
1 0.08046875119907781 0.08125000423751771 0.1578125023515895 0.15833334159106016
1 0.3976562559255399 0.3645833523478359 0.18281250272411853 0.1666666753590107
1 0.8234375122701749 0.9083333807066083 0.2500000037252903 0.18333334289491177
1 0.2984375044470653 0.24375001271255314 0.13437500200234354 0.2291666786186397
1 0.7828125116648152 0.08958333800546825 0.1968750029336661 0.17500000912696123
