1 0.4593750068452209 0.4020833543036133 0.20000000298023224 0.20833334419876337
1 0.4570312568102963 0.08854167128447443 0.17343750258442014 0.1729166756849736
1 0.2960937544121407 0.25000001303851604 0.17343750258442014 0.17500000912696123
1 0.19765625294530764 0.19687501026783139 0.14531250216532499 0.1729166756849736
1 0.848437512642704 0.08333333767950535 0.15000000223517418 0.16250000847503543
1 0.23828125355066732 0.5104166932869703 0.14531250216532499 0.17500000912696123
1 0.7101562605821528 0.8854167128447443 0.14531250216532499 0.17500000912696123
1 0.7929687618161552 0.8666667118668556 0.14531250216532499 0.17500000912696123
1 0.4351562564843334 0.8729167121928185 0.14531250216532499 0.17500000912696123
1 0.8140625121304765 0.28020834794733673 0.15625000232830644 0.22708334517665207
1 0.6718750100117177 0.07604167063254863 0.1625000024214387 0.147916674381122
1 0.10781250160653144 0.4281250223284587 0.15625000232830644 0.210416677640751
2 0.4703125070082024 0.6781250353669748 0.19062500284053385 0.2645833471324295
0 0.6578125098021701 0.19270834338385612 0.059375000884756446 0.08541667112149298
0 0.4390625065425411 0.19687501026783139 0.059375000884756446 0.08541667112149298
