1 0.8195312622119673 0.17708334256894886 0.17343750258442014 0.18750000977888703
1 0.6742187600466423 0.21770834468770772 0.17656250263098627 0.20625001075677574
1 0.5554687582771294 0.5677083629416302 0.17656250263098627 0.20625001075677574
1 0.8242187622818165 0.5906250308034942 0.1578125023515895 0.1854166763368994
1 0.9289062638417818 0.43541668937541544 0.14218750211875886 0.24583334615454078
1 0.7218750107567757 0.4645833575632423 0.17812500265426934 0.2416666792705655
1 0.1554687523166649 0.8322917100740597 0.17656250263098627 0.20625001075677574
1 0.21640625322470441 0.10104167193640023 0.1671875024912879 0.1979166769888252
1 0.4851562572293915 0.8447917107259855 0.19218750286381692 0.2229166782926768
1 0.753125011222437 0.841666710563004 0.19375000288709998 0.2666666805744171
2 0.29453125438885763 0.36041668546386063 0.36093750537838787 0.4583333572372794
0 0.5523437582305633 0.3156250164611265 0.05468750081490725 0.06458333670161664
