1 0.7734375115251169 0.18645834305789322 0.15625000232830644 0.20208334387280047
1 0.8140625121304765 0.5385416947538033 0.15625000232830644 0.20208334387280047
1 0.07890625117579475 0.10208333865739405 0.15468750230502337 0.20000001043081284
1 0.08281250123400241 0.3718750193947926 0.15625000232830644 0.20208334387280047
1 0.17656250263098627 0.6572917009470984 0.15625000232830644 0.20208334387280047
1 0.6203125092433766 0.7781250405823812 0.17812500265426934 0.20625001075677574
1 0.9085937635391019 0.5750000299885869 0.17343750258442014 0.2666666805744171
1 0.4812500071711838 0.6229166991543025 0.1625000024214387 0.17500000912696123
1 0.6039062589989044 0.358333352021873 0.1578125023515895 0.18750000977888703
1 0.6304687593947165 0.9052083805436268 0.1578125023515895 0.18958334322087467
0 0.32656250486616045 0.9343750487314537 0.06875000102445483 0.08958333800546825
0 0.8820312631432898 0.8364583769580349 0.05468750081490725 0.06458333670161664
0 0.1507812522468157 0.5187500270549208 0.06093750090803951 0.07916667079553008
0 0.18828125280560926 0.13958334061317146 0.0703125010477379 0.07500000391155481
0 0.4343750064726919 0.028125001466833055 0.059375000884756446 0.05208333604969084
2 0.32890625490108505 0.32395835022907704 0.37031250551808625 0.46041669067926705
