1 0.6757812600699253 0.39791668741963804 0.1671875024912879 0.2291666786186397
1 0.8242187622818165 0.4645833575632423 0.1671875024912879 0.2291666786186397
1 0.6898437602794729 0.73958337190561 0.1671875024912879 0.2291666786186397
1 0.49921875743893906 0.8041667086072266 0.1671875024912879 0.2291666786186397
1 0.3976562559255399 0.8666667118668556 0.1671875024912879 0.2291666786186397
1 0.12500000186264515 0.7302083714166656 0.19062500284053385 0.2229166782926768
1 0.6671875099418685 0.15104167454410344 0.21250000316649675 0.21458334452472627
1 0.07265625108266249 0.22604167845565826 0.14218750211875886 0.210416677640751
1 0.4484375066822395 0.17604167584795505 0.21250000316649675 0.21458334452472627
1 0.2914062543422915 0.7000000365078449 0.1671875024912879 0.2291666786186397
1 0.8726562630035914 0.7979167082812637 0.1671875024912879 0.2291666786186397
1 0.8445312625844963 0.11041667242534459 0.1671875024912879 0.2166666779667139
1 0.1164062517345883 0.9229167148005217 0.19843750295694917 0.1541666747070849
2 0.4148437561816536 0.46145835740026087 0.2859375042608008 0.38125001988373697
