1 0.4906250073108822 0.4125000215135515 0.1625000024214387 0.19583334354683757
1 0.3453125051455572 0.14583334093913436 0.1625000024214387 0.19583334354683757
1 0.8437500125728548 0.443750023143366 0.13750000204890966 0.14583334093913436
1 0.9164062636555173 0.7020833699498326 0.1671875024912879 0.2166666779667139
1 0.21640625322470441 0.841666710563004 0.17031250253785402 0.15833334159106016
1 0.08515625126892701 0.2604166802484542 0.13906250207219273 0.24583334615454078
1 0.6640625098953024 0.43645835609640926 0.18750000279396772 0.24375001271255314
1 0.5492187581839971 0.6604167011100799 0.16406250244472176 0.2166666779667139
1 0.9476562641211785 0.073958337190561 0.10468750155996531 0.14375000749714673
1 0.6640625098953024 0.9052083805436268 0.15000000223517418 0.1729166756849736
1 0.08828125131549314 0.7645833732094616 0.14218750211875886 0.1791666760109365
2 0.2328125034691766 0.5864583639195189 0.2718750040512532 0.3229166835080832
2 0.42578125634463504 0.9239583815215155 0.048437500721774995 0.05625000293366611
