1 0.230468753434252 0.6062500316184014 0.1671875024912879 0.18333334289491177
1 0.1382812520605512 0.9083333807066083 0.1671875024912879 0.18333334289491177
1 0.47734375711297616 0.14479167421814054 0.1671875024912879 0.1854166763368994
1 0.8148437621421181 0.8031250418862328 0.17343750258442014 0.2520833464805037
1 0.6757812600699253 0.2520833464805037 0.17343750258442014 0.2541666799224913
1 0.7039062604890205 0.9166667144745588 0.1671875024912879 0.1666666753590107
1 0.17812500265426934 0.369791685952805 0.15000000223517418 0.1604166750330478
1 0.23828125355066732 0.16562500863801688 0.17656250263098627 0.2354166789446026
1 0.8046875119907781 0.3197916833451018 0.1406250020954758 0.24375001271255314
1 0.26875000400468707 0.3645833523478359 0.14687500218860805 0.17500000912696123
1 0.06484375096624717 0.6875000358559191 0.1265625018859282 0.2583333468064666
2 0.4351562564843334 0.7000000365078449 0.37031250551808625 0.4625000241212547
