1 0.666406259930227 0.13333334028720856 0.16406250244472176 0.20000001043081284
1 0.8304687623749487 0.14583334093913436 0.16406250244472176 0.20000001043081284
1 0.6773437600932084 0.40000002086162567 0.16406250244472176 0.20000001043081284
1 0.4226562562980689 0.8031250418862328 0.17656250263098627 0.21875001140870154
1 0.3101562546216883 0.6000000312924385 0.18593750277068466 0.2541666799224913
1 0.2882812542957254 0.22500001173466444 0.14843750221189111 0.20833334419876337
1 0.7789062616066076 0.8375000436790287 0.18593750277068466 0.2541666799224913
1 0.6843750101979822 0.9291667151264846 0.15937500237487257 0.13750000717118382
1 0.8898437632597052 0.5416666949167848 0.18593750277068466 0.1666666753590107
1 0.1117187516647391 0.18854167649988085 0.18281250272411853 0.2645833471324295
1 0.42656250635627657 0.0864583378424868 0.1406250020954758 0.16875000880099833
1 0.3234375048195943 0.7656250399304554 0.1843750027474016 0.18958334322087467
1 0.6093750090803951 0.7864583743503317 0.16875000251457095 0.2354166789446026
2 0.4468750066589564 0.3958333539776504 0.31875000474974513 0.4375000228174031
