1 0.4273437563679181 0.27500001434236765 0.18593750277068466 0.21250001108273864
1 0.5898437587893568 0.2156250112457201 0.14218750211875886 0.1979166769888252
1 0.6117187591153197 0.4260416888864711 0.14218750211875886 0.1979166769888252
1 0.7195312607218511 0.6010416980134323 0.14218750211875886 0.1979166769888252
1 0.33593750500585884 0.335416684160009 0.12500000186264515 0.1666666753590107
1 0.7773437615833245 0.9083333807066083 0.15468750230502337 0.18333334289491177
1 0.49140625732252374 0.904166713822633 0.1796875026775524 0.1916666766628623
1 0.09921875147847459 0.904166713822633 0.1796875026775524 0.1916666766628623
1 0.86171876284061 0.2093750109197572 0.1796875026775524 0.20625001075677574
1 0.6898437602794729 0.08437500440049917 0.20781250309664756 0.16458334191702306
1 0.9289062638417818 0.8145833758171648 0.14218750211875886 0.21250001108273864
1 0.9460937640978955 0.5562500290106982 0.10781250160653144 0.27500001434236765
1 0.15000000223517418 0.3031250158092007 0.17812500265426934 0.25625001336447895
1 0.12343750183936208 0.7072917035548016 0.17812500265426934 0.25625001336447895
2 0.2765625041211024 0.6229166991543025 0.20000000298023224 0.2791666812263429
0 0.49375000735744834 0.4458333565853536 0.06875000102445483 0.08333333767950535
0 0.41093750612344593 0.5791666968725622 0.06875000102445483 0.08333333767950535
1 0.8023437619558536 0.580208363593556 0.10156250151339918 0.17708334256894886
