1 0.36328125541331246 0.7614583730464801 0.19843750295694917 0.16458334191702306
1 0.4351562564843334 0.5031250262400135 0.19531250291038305 0.22708334517665207
1 0.21250000316649675 0.35000001825392246 0.13437500200234354 0.1666666753590107
1 0.23437500349245965 0.6322916996432468 0.1406250020954758 0.24375001271255314
1 0.08828125131549314 0.4385416895383969 0.16093750239815563 0.20208334387280047
1 0.0945312514086254 0.619791698991321 0.1796875026775524 0.18958334322087467
1 0.5570312583004124 0.5635416960576549 0.1796875026775524 0.18958334322087467
1 0.6812500101514161 0.580208363593556 0.19375000288709998 0.20625001075677574
1 0.34375000512227416 0.9322917152894661 0.18750000279396772 0.1354166737291962
0 0.7320312609081157 0.8687500453088433 0.05468750081490725 0.07083333702757955
0 0.6351562594645657 0.9520833829883486 0.07968750118743628 0.07083333702757955
0 0.875000013038516 0.8291667099110782 0.08125000121071935 0.11666667275130749
0 0.7640625113854185 0.9395833823364228 0.08125000121071935 0.09583333833143115
0 0.6789062601164915 0.1614583417540416 0.07968750118743628 0.07708333735354245
0 0.13515625201398507 0.18750000977888703 0.048437500721774995 0.058333336375653744
2 0.1117187516647391 0.8447917107259855 0.20468750305008143 0.3104166828561574
