2 0.33828125504078344 0.47395835805218667 0.33593750500585884 0.3895833536516875
1 0.7500000111758709 0.5906250308034942 0.15000000223517418 0.1729166756849736
1 0.8718750129919499 0.3197916833451018 0.15000000223517418 0.1729166756849736
1 0.8406250125262886 0.8708333787508309 0.1750000026077032 0.23750001238659024
1 0.18828125280560926 0.6833333689719439 0.14218750211875886 0.19583334354683757
1 0.14453125215368345 0.06562500342261046 0.17031250253785402 0.12708333996124566
1 0.5296875078929588 0.17083334224298596 0.15937500237487257 0.2041666773147881
1 0.7328125109197572 0.26145834696944803 0.18125000270083547 0.2479166795965284
1 0.08046875119907781 0.2916666818782687 0.1578125023515895 0.2416666792705655
1 0.06406250095460564 0.68229170225095 0.12500000186264515 0.1854166763368994
1 0.06171875091968104 0.7416667053475976 0.12031250179279596 0.17083334224298596
1 0.6718750100117177 0.8625000449828804 0.12187500181607902 0.17083334224298596
0 0.22656250337604433 0.13333334028720856 0.05625000083819032 0.07083333702757955
